Bands	Reflectance
350.0	0.0199
351.0	0.0208
352.0	0.0217
353.0	0.0227
354.0	0.0233
355.0	0.0239
356.0	0.0247
357.0	0.0255
358.0	0.0263
359.0	0.0271
360.0	0.0281
361.0	0.0289
362.0	0.0299
363.0	0.031
364.0	0.0319
365.0	0.0329
366.0	0.0337
367.0	0.0341
368.0	0.0349
369.0	0.0356
370.0	0.036
371.0	0.0362
372.0	0.0364
373.0	0.0366
374.0	0.0367
375.0	0.0367
376.0	0.0371
377.0	0.0371
378.0	0.0366
379.0	0.0363
380.0	0.0361
381.0	0.0363
382.0	0.0366
383.0	0.0366
384.0	0.0368
385.0	0.0372
386.0	0.0377
387.0	0.0377
388.0	0.0382
389.0	0.0391
390.0	0.0399
391.0	0.0411
392.0	0.0424
393.0	0.044
394.0	0.0458
395.0	0.048
396.0	0.0506
397.0	0.0536
398.0	0.0572
399.0	0.0611
400.0	0.0651
401.0	0.0694
402.0	0.0741
403.0	0.0785
404.0	0.0823
405.0	0.086
406.0	0.0896
407.0	0.093
408.0	0.0961
409.0	0.0997
410.0	0.1031
411.0	0.1066
412.0	0.1105
413.0	0.1141
414.0	0.1179
415.0	0.1218
416.0	0.1252
417.0	0.1288
418.0	0.1327
419.0	0.1363
420.0	0.1392
421.0	0.1423
422.0	0.1457
423.0	0.1489
424.0	0.1514
425.0	0.1533
426.0	0.1547
427.0	0.1562
428.0	0.1577
429.0	0.1596
430.0	0.162
431.0	0.1648
432.0	0.1684
433.0	0.1729
434.0	0.1781
435.0	0.1837
436.0	0.1891
437.0	0.1944
438.0	0.2
439.0	0.2048
440.0	0.2089
441.0	0.2131
442.0	0.2171
443.0	0.2212
444.0	0.2254
445.0	0.2295
446.0	0.2333
447.0	0.2368
448.0	0.24
449.0	0.2427
450.0	0.2453
451.0	0.2476
452.0	0.2492
453.0	0.2506
454.0	0.2512
455.0	0.251
456.0	0.2506
457.0	0.2506
458.0	0.2511
459.0	0.2517
460.0	0.252
461.0	0.2522
462.0	0.2522
463.0	0.2518
464.0	0.2507
465.0	0.2496
466.0	0.2485
467.0	0.2471
468.0	0.2459
469.0	0.2453
470.0	0.2455
471.0	0.246
472.0	0.2466
473.0	0.2474
474.0	0.2486
475.0	0.2497
476.0	0.251
477.0	0.2525
478.0	0.254
479.0	0.2558
480.0	0.2578
481.0	0.2595
482.0	0.2604
483.0	0.2598
484.0	0.2575
485.0	0.2542
486.0	0.2517
487.0	0.2502
488.0	0.2505
489.0	0.2533
490.0	0.2576
491.0	0.2624
492.0	0.267
493.0	0.2711
494.0	0.2747
495.0	0.2782
496.0	0.2819
497.0	0.2853
498.0	0.288
499.0	0.29
500.0	0.2915
501.0	0.2933
502.0	0.2959
503.0	0.2999
504.0	0.3056
505.0	0.3125
506.0	0.3198
507.0	0.3273
508.0	0.3344
509.0	0.3416
510.0	0.349
511.0	0.3564
512.0	0.3637
513.0	0.371
514.0	0.3779
515.0	0.3821
516.0	0.3855
517.0	0.3902
518.0	0.398
519.0	0.411
520.0	0.4292
521.0	0.451
522.0	0.4728
523.0	0.4933
524.0	0.511
525.0	0.5251
526.0	0.537
527.0	0.5496
528.0	0.5659
529.0	0.5884
530.0	0.6137
531.0	0.6362
532.0	0.6519
533.0	0.6654
534.0	0.6804
535.0	0.6981
536.0	0.7175
537.0	0.7343
538.0	0.747
539.0	0.7558
540.0	0.7632
541.0	0.7719
542.0	0.7834
543.0	0.7981
544.0	0.813
545.0	0.8258
546.0	0.8351
547.0	0.8406
548.0	0.845
549.0	0.8498
550.0	0.8552
551.0	0.8601
552.0	0.8631
553.0	0.8649
554.0	0.8672
555.0	0.8676
556.0	0.864
557.0	0.8555
558.0	0.8426
559.0	0.8312
560.0	0.8235
561.0	0.8194
562.0	0.8149
563.0	0.8077
564.0	0.7969
565.0	0.7831
566.0	0.7696
567.0	0.7575
568.0	0.7465
569.0	0.7334
570.0	0.7178
571.0	0.7029
572.0	0.6933
573.0	0.6885
574.0	0.6816
575.0	0.6698
576.0	0.6571
577.0	0.646
578.0	0.6366
579.0	0.6291
580.0	0.6257
581.0	0.6259
582.0	0.628
583.0	0.6292
584.0	0.6275
585.0	0.6223
586.0	0.6148
587.0	0.6098
588.0	0.5985
589.0	0.5828
590.0	0.5707
591.0	0.5731
592.0	0.5791
593.0	0.5811
594.0	0.5784
595.0	0.5755
596.0	0.5738
597.0	0.5727
598.0	0.569
599.0	0.565
600.0	0.5606
601.0	0.555
602.0	0.5506
603.0	0.5493
604.0	0.5502
605.0	0.5482
606.0	0.5436
607.0	0.5376
608.0	0.531
609.0	0.5231
610.0	0.5159
611.0	0.5099
612.0	0.5044
613.0	0.4971
614.0	0.49
615.0	0.4843
616.0	0.4766
617.0	0.4713
618.0	0.4702
619.0	0.4726
620.0	0.4722
621.0	0.4694
622.0	0.465
623.0	0.4588
624.0	0.4527
625.0	0.4482
626.0	0.4458
627.0	0.4437
628.0	0.44
629.0	0.436
630.0	0.4349
631.0	0.4344
632.0	0.4349
633.0	0.4364
634.0	0.4371
635.0	0.4366
636.0	0.4355
637.0	0.4345
638.0	0.4339
639.0	0.4304
640.0	0.4237
641.0	0.417
642.0	0.4133
643.0	0.411
644.0	0.408
645.0	0.4034
646.0	0.3983
647.0	0.3939
648.0	0.3904
649.0	0.3855
650.0	0.3827
651.0	0.3835
652.0	0.3851
653.0	0.3854
654.0	0.3818
655.0	0.3718
656.0	0.352
657.0	0.346
658.0	0.3565
659.0	0.3687
660.0	0.3737
661.0	0.3747
662.0	0.3748
663.0	0.3727
664.0	0.3705
665.0	0.3692
666.0	0.3686
667.0	0.3669
668.0	0.3661
669.0	0.3661
670.0	0.3652
671.0	0.3635
672.0	0.3625
673.0	0.363
674.0	0.3641
675.0	0.3651
676.0	0.366
677.0	0.3673
678.0	0.3687
679.0	0.3701
680.0	0.3717
681.0	0.3738
682.0	0.3765
683.0	0.3789
684.0	0.3803
685.0	0.3826
686.0	0.3682
687.0	0.3443
688.0	0.3327
689.0	0.3475
690.0	0.374
691.0	0.4029
692.0	0.4368
693.0	0.4705
694.0	0.5033
695.0	0.5371
696.0	0.5773
697.0	0.6195
698.0	0.6615
699.0	0.7025
700.0	0.7442
701.0	0.7871
702.0	0.8329
703.0	0.8857
704.0	0.942
705.0	0.997
706.0	1.0476
707.0	1.0981
708.0	1.1466
709.0	1.1947
710.0	1.2448
711.0	1.2926
712.0	1.3387
713.0	1.3843
714.0	1.4305
715.0	1.4708
716.0	1.4927
717.0	1.4883
718.0	1.4672
719.0	1.4659
720.0	1.5095
721.0	1.605
722.0	1.6962
723.0	1.7473
724.0	1.7614
725.0	1.7929
726.0	1.8384
727.0	1.8847
728.0	1.9211
729.0	1.9589
730.0	2.0072
731.0	2.0667
732.0	2.132
733.0	2.2016
734.0	2.26
735.0	2.2995
736.0	2.3245
737.0	2.3485
738.0	2.3691
739.0	2.383
740.0	2.3995
741.0	2.4173
742.0	2.4402
743.0	2.4717
744.0	2.4968
745.0	2.5158
746.0	2.5308
747.0	2.5435
748.0	2.549
749.0	2.5473
750.0	2.5418
751.0	2.5411
752.0	2.5447
753.0	2.5508
754.0	2.5561
755.0	2.5544
756.0	2.551
757.0	2.5109
758.0	2.3567
759.0	1.921
760.0	1.3849
761.0	0.9851
762.0	0.9458
763.0	1.0345
764.0	1.1922
765.0	1.4148
766.0	1.7053
767.0	1.9801
768.0	2.1885
769.0	2.3129
770.0	2.3758
771.0	2.4035
772.0	2.4144
773.0	2.416
774.0	2.4119
775.0	2.4061
776.0	2.4003
777.0	2.393
778.0	2.3825
779.0	2.3708
780.0	2.3612
781.0	2.3521
782.0	2.3413
783.0	2.3283
784.0	2.3144
785.0	2.3025
786.0	2.2902
787.0	2.2749
788.0	2.2553
789.0	2.2335
790.0	2.2106
791.0	2.187
792.0	2.1626
793.0	2.14
794.0	2.1236
795.0	2.1164
796.0	2.1135
797.0	2.1096
798.0	2.1006
799.0	2.0842
800.0	2.0655
801.0	2.0476
802.0	2.0318
803.0	2.0164
804.0	2.0025
805.0	1.9902
806.0	1.9786
807.0	1.9641
808.0	1.9446
809.0	1.9223
810.0	1.8999
811.0	1.8742
812.0	1.8397
813.0	1.794
814.0	1.7382
815.0	1.6832
816.0	1.6369
817.0	1.6053
818.0	1.5922
819.0	1.5915
820.0	1.5917
821.0	1.5844
822.0	1.5697
823.0	1.5592
824.0	1.56
825.0	1.5715
826.0	1.5766
827.0	1.568
828.0	1.5496
829.0	1.5321
830.0	1.5207
831.0	1.5127
832.0	1.5069
833.0	1.5037
834.0	1.5033
835.0	1.5052
836.0	1.507
837.0	1.5042
838.0	1.4984
839.0	1.4897
840.0	1.4789
841.0	1.4677
842.0	1.4548
843.0	1.4413
844.0	1.4285
845.0	1.4165
846.0	1.4022
847.0	1.3841
848.0	1.3624
849.0	1.3397
850.0	1.3152
851.0	1.2894
852.0	1.2638
853.0	1.2428
854.0	1.228
855.0	1.2217
856.0	1.2262
857.0	1.2362
858.0	1.2428
859.0	1.2406
860.0	1.2307
861.0	1.2175
862.0	1.2007
863.0	1.1796
864.0	1.1556
865.0	1.132
866.0	1.1124
867.0	1.0995
868.0	1.0952
869.0	1.0956
870.0	1.096
871.0	1.092
872.0	1.0825
873.0	1.0709
874.0	1.0589
875.0	1.047
876.0	1.0356
877.0	1.0242
878.0	1.0128
879.0	1.0015
880.0	0.9901
881.0	0.9793
882.0	0.9689
883.0	0.9579
884.0	0.9479
885.0	0.9374
886.0	0.9261
887.0	0.9155
888.0	0.9044
889.0	0.8927
890.0	0.8799
891.0	0.8645
892.0	0.8456
893.0	0.8233
894.0	0.7981
895.0	0.7709
896.0	0.7434
897.0	0.7177
898.0	0.6958
899.0	0.6802
900.0	0.6709
901.0	0.6664
902.0	0.6645
903.0	0.6635
904.0	0.6603
905.0	0.6535
906.0	0.6426
907.0	0.6286
908.0	0.6135
909.0	0.5992
910.0	0.5874
911.0	0.579
912.0	0.5723
913.0	0.5664
914.0	0.5607
915.0	0.5551
916.0	0.5507
917.0	0.5473
918.0	0.5439
919.0	0.5407
920.0	0.5368
921.0	0.5314
922.0	0.5239
923.0	0.5139
924.0	0.5007
925.0	0.484
926.0	0.4637
927.0	0.4394
928.0	0.4114
929.0	0.3807
930.0	0.349
931.0	0.3185
932.0	0.2918
933.0	0.271
934.0	0.2572
935.0	0.2501
936.0	0.2485
937.0	0.2503
938.0	0.2534
939.0	0.2561
940.0	0.2573
941.0	0.2567
942.0	0.2546
943.0	0.2498
944.0	0.244
945.0	0.2388
946.0	0.2349
947.0	0.2325
948.0	0.2316
949.0	0.2309
950.0	0.2296
951.0	0.2287
952.0	0.2272
953.0	0.2256
954.0	0.2246
955.0	0.2238
956.0	0.2231
957.0	0.223
958.0	0.2236
959.0	0.224
960.0	0.2248
961.0	0.2261
962.0	0.2273
963.0	0.2281
964.0	0.2297
965.0	0.2312
966.0	0.2317
967.0	0.2317
968.0	0.2314
969.0	0.2302
970.0	0.2281
971.0	0.2252
972.0	0.2224
973.0	0.219
974.0	0.2152
975.0	0.2119
976.0	0.2085
977.0	0.2057
978.0	0.2037
979.0	0.202
980.0	0.2004
981.0	0.1985
982.0	0.1964
983.0	0.1944
984.0	0.1922
985.0	0.1897
986.0	0.187
987.0	0.1842
988.0	0.1811
989.0	0.178
990.0	0.1748
991.0	0.1713
992.0	0.1678
993.0	0.1647
994.0	0.1616
995.0	0.1583
996.0	0.1549
997.0	0.1511
998.0	0.1477
999.0	0.1446
1000.0	0.1408
1001.0	1.8124
1002.0	1.8187
1003.0	1.8244
1004.0	1.8312
1005.0	1.8383
1006.0	1.8461
1007.0	1.8548
1008.0	1.8643
1009.0	1.8735
1010.0	1.8822
1011.0	1.8913
1012.0	1.9003
1013.0	1.9092
1014.0	1.9182
1015.0	1.9267
1016.0	1.9351
1017.0	1.9428
1018.0	1.9498
1019.0	1.9567
1020.0	1.9625
1021.0	1.969
1022.0	1.9754
1023.0	1.9824
1024.0	1.9897
1025.0	1.9966
1026.0	2.0034
1027.0	2.0101
1028.0	2.0169
1029.0	2.0239
1030.0	2.0302
1031.0	2.0357
1032.0	2.0422
1033.0	2.0486
1034.0	2.0555
1035.0	2.0633
1036.0	2.0712
1037.0	2.079
1038.0	2.0872
1039.0	2.0956
1040.0	2.1047
1041.0	2.1139
1042.0	2.1232
1043.0	2.1327
1044.0	2.1424
1045.0	2.1524
1046.0	2.1627
1047.0	2.1732
1048.0	2.1843
1049.0	2.1951
1050.0	2.2059
1051.0	2.2165
1052.0	2.2266
1053.0	2.2373
1054.0	2.2485
1055.0	2.2594
1056.0	2.27
1057.0	2.2807
1058.0	2.2915
1059.0	2.3017
1060.0	2.3127
1061.0	2.3246
1062.0	2.3361
1063.0	2.3469
1064.0	2.3588
1065.0	2.3706
1066.0	2.3838
1067.0	2.3985
1068.0	2.4132
1069.0	2.4292
1070.0	2.4449
1071.0	2.4606
1072.0	2.4767
1073.0	2.492
1074.0	2.5071
1075.0	2.5216
1076.0	2.5361
1077.0	2.5493
1078.0	2.562
1079.0	2.5739
1080.0	2.585
1081.0	2.5951
1082.0	2.6044
1083.0	2.6133
1084.0	2.6213
1085.0	2.6288
1086.0	2.6366
1087.0	2.6429
1088.0	2.6486
1089.0	2.6537
1090.0	2.6575
1091.0	2.6602
1092.0	2.6624
1093.0	2.6629
1094.0	2.664
1095.0	2.665
1096.0	2.6655
1097.0	2.6666
1098.0	2.6661
1099.0	2.666
1100.0	2.663
1101.0	2.66
1102.0	2.6533
1103.0	2.6426
1104.0	2.627
1105.0	2.6009
1106.0	2.5688
1107.0	2.5254
1108.0	2.4727
1109.0	2.4106
1110.0	2.3372
1111.0	2.2586
1112.0	2.1673
1113.0	2.0775
1114.0	1.9763
1115.0	1.8844
1116.0	1.7883
1117.0	1.704
1118.0	1.6236
1119.0	1.5555
1120.0	1.4999
1121.0	1.4558
1122.0	1.4243
1123.0	1.41
1124.0	1.3972
1125.0	1.3924
1126.0	1.3976
1127.0	1.4102
1128.0	1.4313
1129.0	1.4696
1130.0	1.502
1131.0	1.5393
1132.0	1.5755
1133.0	1.6107
1134.0	1.6467
1135.0	1.6884
1136.0	1.7264
1137.0	1.7603
1138.0	1.7896
1139.0	1.8086
1140.0	1.8164
1141.0	1.8244
1142.0	1.8229
1143.0	1.8261
1144.0	1.8239
1145.0	1.832
1146.0	1.8386
1147.0	1.8588
1148.0	1.889
1149.0	1.9254
1150.0	1.9683
1151.0	2.0232
1152.0	2.0859
1153.0	2.1539
1154.0	2.2316
1155.0	2.3103
1156.0	2.3857
1157.0	2.4616
1158.0	2.5333
1159.0	2.6023
1160.0	2.6691
1161.0	2.7357
1162.0	2.7943
1163.0	2.85
1164.0	2.8982
1165.0	2.9382
1166.0	2.9754
1167.0	3.0078
1168.0	3.0353
1169.0	3.0589
1170.0	3.0771
1171.0	3.0888
1172.0	3.0959
1173.0	3.0994
1174.0	3.1
1175.0	3.1006
1176.0	3.0993
1177.0	3.0965
1178.0	3.0911
1179.0	3.087
1180.0	3.0791
1181.0	3.0772
1182.0	3.0771
1183.0	3.08
1184.0	3.0879
1185.0	3.0949
1186.0	3.1033
1187.0	3.1125
1188.0	3.1217
1189.0	3.1308
1190.0	3.1411
1191.0	3.1497
1192.0	3.1548
1193.0	3.1568
1194.0	3.1538
1195.0	3.1465
1196.0	3.1386
1197.0	3.1294
1198.0	3.1207
1199.0	3.1109
1200.0	3.1032
1201.0	3.0945
1202.0	3.0902
1203.0	3.088
1204.0	3.0884
1205.0	3.0928
1206.0	3.0996
1207.0	3.108
1208.0	3.1189
1209.0	3.1299
1210.0	3.1414
1211.0	3.1541
1212.0	3.166
1213.0	3.1771
1214.0	3.1875
1215.0	3.1965
1216.0	3.2041
1217.0	3.211
1218.0	3.2173
1219.0	3.2228
1220.0	3.2271
1221.0	3.2311
1222.0	3.2346
1223.0	3.2373
1224.0	3.2396
1225.0	3.2428
1226.0	3.2464
1227.0	3.25
1228.0	3.254
1229.0	3.2574
1230.0	3.2601
1231.0	3.2624
1232.0	3.2638
1233.0	3.2646
1234.0	3.2644
1235.0	3.2629
1236.0	3.2596
1237.0	3.2546
1238.0	3.2492
1239.0	3.2425
1240.0	3.2352
1241.0	3.2272
1242.0	3.2189
1243.0	3.2101
1244.0	3.2003
1245.0	3.1906
1246.0	3.1798
1247.0	3.1673
1248.0	3.1532
1249.0	3.1365
1250.0	3.1175
1251.0	3.0963
1252.0	3.0713
1253.0	3.0425
1254.0	3.01
1255.0	2.9743
1256.0	2.9351
1257.0	2.8922
1258.0	2.8456
1259.0	2.7956
1260.0	2.7443
1261.0	2.6983
1262.0	2.6514
1263.0	2.6144
1264.0	2.5826
1265.0	2.5593
1266.0	2.5429
1267.0	2.536
1268.0	2.539
1269.0	2.5508
1270.0	2.5724
1271.0	2.5995
1272.0	2.6275
1273.0	2.6558
1274.0	2.683
1275.0	2.7078
1276.0	2.7318
1277.0	2.7534
1278.0	2.7695
1279.0	2.7814
1280.0	2.7896
1281.0	2.7954
1282.0	2.8009
1283.0	2.8056
1284.0	2.8096
1285.0	2.8135
1286.0	2.8152
1287.0	2.8147
1288.0	2.8135
1289.0	2.8097
1290.0	2.804
1291.0	2.797
1292.0	2.7873
1293.0	2.7753
1294.0	2.7626
1295.0	2.748
1296.0	2.7324
1297.0	2.7166
1298.0	2.6997
1299.0	2.6821
1300.0	2.6647
1301.0	2.6466
1302.0	2.6276
1303.0	2.6084
1304.0	2.5893
1305.0	2.5698
1306.0	2.5517
1307.0	2.5342
1308.0	2.5164
1309.0	2.4987
1310.0	2.4812
1311.0	2.4632
1312.0	2.4459
1313.0	2.4306
1314.0	2.4171
1315.0	2.4054
1316.0	2.3945
1317.0	2.3837
1318.0	2.3719
1319.0	2.3591
1320.0	2.3447
1321.0	2.3268
1322.0	2.3058
1323.0	2.2811
1324.0	2.2516
1325.0	2.2184
1326.0	2.1836
1327.0	2.146
1328.0	2.1084
1329.0	2.0743
1330.0	2.0425
1331.0	2.0156
1332.0	1.9942
1333.0	1.9756
1334.0	1.9586
1335.0	1.9368
1336.0	1.9148
1337.0	1.8861
1338.0	1.8493
1339.0	1.8028
1340.0	1.7442
1341.0	1.6713
1342.0	1.5833
1343.0	1.4823
1344.0	1.3672
1345.0	1.2448
1346.0	1.118
1347.0	0.9879
1348.0	0.8615
1349.0	0.7388
1350.0	0.6223
1351.0	0.5165
1352.0	0.4196
1353.0	0.3346
1354.0	0.2637
1355.0	0.2034
1356.0	0.1556
1357.0	0.1181
1358.0	0.088
1359.0	0.0658
1360.0	0.0491
1361.0	0.0372
1362.0	0.0284
1363.0	0.0253
1364.0	0.022
1365.0	0.021
1366.0	0.0212
1367.0	0.0226
1368.0	0.0255
1369.0	0.0294
1370.0	0.0341
1371.0	0.0387
1372.0	0.0427
1373.0	0.0458
1374.0	0.0485
1375.0	0.0501
1376.0	0.0509
1377.0	0.051
1378.0	0.0498
1379.0	0.0487
1380.0	0.0477
1381.0	0.047
1382.0	0.0475
1383.0	0.0482
1384.0	0.0497
1385.0	0.0524
1386.0	0.0554
1387.0	0.0588
1388.0	0.0627
1389.0	0.0661
1390.0	0.0689
1391.0	0.0716
1392.0	0.0734
1393.0	0.0752
1394.0	0.0766
1395.0	0.0783
1396.0	0.08
1397.0	0.082
1398.0	0.0836
1399.0	0.0849
1400.0	0.0867
1401.0	0.089
1402.0	0.0924
1403.0	0.0965
1404.0	0.1004
1405.0	0.1047
1406.0	0.1094
1407.0	0.1153
1408.0	0.1232
1409.0	0.1316
1410.0	0.1409
1411.0	0.1506
1412.0	0.1604
1413.0	0.171
1414.0	0.1815
1415.0	0.1919
1416.0	0.2022
1417.0	0.2116
1418.0	0.2215
1419.0	0.2315
1420.0	0.2412
1421.0	0.2513
1422.0	0.2606
1423.0	0.2689
1424.0	0.2762
1425.0	0.2823
1426.0	0.2867
1427.0	0.29
1428.0	0.2922
1429.0	0.2932
1430.0	0.2938
1431.0	0.2928
1432.0	0.2932
1433.0	0.2933
1434.0	0.2947
1435.0	0.2973
1436.0	0.3009
1437.0	0.3053
1438.0	0.3109
1439.0	0.3177
1440.0	0.3264
1441.0	0.3359
1442.0	0.3459
1443.0	0.3569
1444.0	0.3682
1445.0	0.3809
1446.0	0.395
1447.0	0.4106
1448.0	0.4276
1449.0	0.4452
1450.0	0.4642
1451.0	0.4833
1452.0	0.5026
1453.0	0.5227
1454.0	0.5412
1455.0	0.5575
1456.0	0.5706
1457.0	0.5794
1458.0	0.5841
1459.0	0.584
1460.0	0.5796
1461.0	0.572
1462.0	0.5609
1463.0	0.5482
1464.0	0.5356
1465.0	0.5227
1466.0	0.5112
1467.0	0.5025
1468.0	0.4967
1469.0	0.4952
1470.0	0.4975
1471.0	0.5036
1472.0	0.5133
1473.0	0.5251
1474.0	0.5387
1475.0	0.5528
1476.0	0.5684
1477.0	0.5838
1478.0	0.6
1479.0	0.617
1480.0	0.6351
1481.0	0.6548
1482.0	0.6757
1483.0	0.6974
1484.0	0.7207
1485.0	0.7451
1486.0	0.7706
1487.0	0.7984
1488.0	0.8271
1489.0	0.8563
1490.0	0.8858
1491.0	0.9148
1492.0	0.9426
1493.0	0.9687
1494.0	0.9928
1495.0	1.0143
1496.0	1.0334
1497.0	1.0509
1498.0	1.067
1499.0	1.0811
1500.0	1.0944
1501.0	1.1077
1502.0	1.1202
1503.0	1.1343
1504.0	1.1498
1505.0	1.1664
1506.0	1.1844
1507.0	1.2025
1508.0	1.2212
1509.0	1.2398
1510.0	1.2576
1511.0	1.2752
1512.0	1.2916
1513.0	1.3072
1514.0	1.3218
1515.0	1.3359
1516.0	1.3493
1517.0	1.3617
1518.0	1.3744
1519.0	1.3865
1520.0	1.3977
1521.0	1.4085
1522.0	1.4189
1523.0	1.4287
1524.0	1.4382
1525.0	1.4483
1526.0	1.4574
1527.0	1.466
1528.0	1.4745
1529.0	1.4817
1530.0	1.4886
1531.0	1.4953
1532.0	1.5018
1533.0	1.5088
1534.0	1.5158
1535.0	1.5227
1536.0	1.5299
1537.0	1.5372
1538.0	1.5444
1539.0	1.5518
1540.0	1.5596
1541.0	1.5672
1542.0	1.5751
1543.0	1.5823
1544.0	1.5892
1545.0	1.5956
1546.0	1.6017
1547.0	1.6071
1548.0	1.6119
1549.0	1.6166
1550.0	1.6201
1551.0	1.6235
1552.0	1.6271
1553.0	1.6303
1554.0	1.6335
1555.0	1.6364
1556.0	1.6383
1557.0	1.6399
1558.0	1.6409
1559.0	1.6408
1560.0	1.64
1561.0	1.6382
1562.0	1.6341
1563.0	1.628
1564.0	1.6206
1565.0	1.6105
1566.0	1.5988
1567.0	1.5866
1568.0	1.5733
1569.0	1.5605
1570.0	1.5487
1571.0	1.5377
1572.0	1.5293
1573.0	1.5242
1574.0	1.5225
1575.0	1.5245
1576.0	1.5297
1577.0	1.5374
1578.0	1.5473
1579.0	1.5589
1580.0	1.5714
1581.0	1.584
1582.0	1.5965
1583.0	1.6076
1584.0	1.618
1585.0	1.6274
1586.0	1.635
1587.0	1.6417
1588.0	1.6472
1589.0	1.6514
1590.0	1.6549
1591.0	1.6564
1592.0	1.656
1593.0	1.654
1594.0	1.6494
1595.0	1.6436
1596.0	1.6363
1597.0	1.6273
1598.0	1.6182
1599.0	1.6085
1600.0	1.5992
1601.0	1.5917
1602.0	1.5849
1603.0	1.58
1604.0	1.5777
1605.0	1.5773
1606.0	1.579
1607.0	1.5828
1608.0	1.5878
1609.0	1.5943
1610.0	1.6027
1611.0	1.6119
1612.0	1.6217
1613.0	1.6315
1614.0	1.6403
1615.0	1.6493
1616.0	1.6584
1617.0	1.6667
1618.0	1.6748
1619.0	1.682
1620.0	1.6875
1621.0	1.6921
1622.0	1.6963
1623.0	1.6999
1624.0	1.703
1625.0	1.7053
1626.0	1.706
1627.0	1.7051
1628.0	1.7022
1629.0	1.6978
1630.0	1.6922
1631.0	1.6853
1632.0	1.6776
1633.0	1.6689
1634.0	1.6591
1635.0	1.649
1636.0	1.639
1637.0	1.6296
1638.0	1.6217
1639.0	1.6147
1640.0	1.6091
1641.0	1.6042
1642.0	1.5993
1643.0	1.5959
1644.0	1.5936
1645.0	1.5924
1646.0	1.5927
1647.0	1.5926
1648.0	1.5916
1649.0	1.5914
1650.0	1.592
1651.0	1.5925
1652.0	1.5945
1653.0	1.5948
1654.0	1.5949
1655.0	1.5936
1656.0	1.5912
1657.0	1.5878
1658.0	1.5834
1659.0	1.5779
1660.0	1.571
1661.0	1.5636
1662.0	1.5546
1663.0	1.5462
1664.0	1.5366
1665.0	1.5292
1666.0	1.5221
1667.0	1.5167
1668.0	1.5138
1669.0	1.5103
1670.0	1.5082
1671.0	1.5051
1672.0	1.5016
1673.0	1.4978
1674.0	1.4936
1675.0	1.4889
1676.0	1.4838
1677.0	1.4785
1678.0	1.4727
1679.0	1.467
1680.0	1.4613
1681.0	1.4558
1682.0	1.4501
1683.0	1.4452
1684.0	1.4409
1685.0	1.4362
1686.0	1.4318
1687.0	1.4268
1688.0	1.4213
1689.0	1.4161
1690.0	1.4112
1691.0	1.4056
1692.0	1.3998
1693.0	1.3935
1694.0	1.3865
1695.0	1.3796
1696.0	1.3725
1697.0	1.3652
1698.0	1.3578
1699.0	1.35
1700.0	1.3422
1701.0	1.3339
1702.0	1.3251
1703.0	1.3164
1704.0	1.3072
1705.0	1.2988
1706.0	1.2906
1707.0	1.2826
1708.0	1.2752
1709.0	1.2686
1710.0	1.2622
1711.0	1.257
1712.0	1.2521
1713.0	1.2464
1714.0	1.2405
1715.0	1.2343
1716.0	1.2267
1717.0	1.2182
1718.0	1.2099
1719.0	1.2002
1720.0	1.1906
1721.0	1.1806
1722.0	1.1707
1723.0	1.1604
1724.0	1.1504
1725.0	1.1408
1726.0	1.1311
1727.0	1.1215
1728.0	1.1119
1729.0	1.1021
1730.0	1.0925
1731.0	1.0826
1732.0	1.0734
1733.0	1.0644
1734.0	1.0562
1735.0	1.0489
1736.0	1.0419
1737.0	1.0357
1738.0	1.0295
1739.0	1.0238
1740.0	1.018
1741.0	1.0122
1742.0	1.0068
1743.0	1.0019
1744.0	0.9966
1745.0	0.9913
1746.0	0.9861
1747.0	0.9806
1748.0	0.9758
1749.0	0.9721
1750.0	0.9673
1751.0	0.9626
1752.0	0.9565
1753.0	0.9493
1754.0	0.9421
1755.0	0.9343
1756.0	0.926
1757.0	0.9175
1758.0	0.907
1759.0	0.8964
1760.0	0.8861
1761.0	0.8755
1762.0	0.8661
1763.0	0.8565
1764.0	0.8467
1765.0	0.8373
1766.0	0.8289
1767.0	0.8194
1768.0	0.8103
1769.0	0.7996
1770.0	0.7872
1771.0	0.7747
1772.0	0.7615
1773.0	0.7477
1774.0	0.7334
1775.0	0.719
1776.0	0.7036
1777.0	0.6895
1778.0	0.6757
1779.0	0.663
1780.0	0.6512
1781.0	0.6397
1782.0	0.6293
1783.0	0.6181
1784.0	0.6072
1785.0	0.5956
1786.0	0.5838
1787.0	0.5709
1788.0	0.5581
1789.0	0.5424
1790.0	0.5253
1791.0	0.5058
1792.0	0.4852
1793.0	0.4629
1794.0	0.4403
1795.0	0.4168
1796.0	0.3924
1797.0	0.3687
1798.0	0.3454
1799.0	0.3222
1800.0	0.3004
1801.0	0.2801
1802.0	0.2621
1803.0	0.2473
1804.0	0.2327
1805.0	0.2196
1806.0	0.2067
1807.0	0.1946
1808.0	0.1826
1809.0	0.1713
1810.0	0.16
1811.0	0.1491
1812.0	0.1379
1813.0	0.1259
1814.0	0.1156
1815.0	0.1054
1816.0	0.097
1817.0	0.0911
1818.0	0.0845
1819.0	0.0783
1820.0	0.0731
1821.0	0.0671
1822.0	0.0622
1823.0	0.0581
1824.0	0.0527
1825.0	0.0479
1826.0	0.0429
1827.0	0.0369
1828.0	0.0314
1829.0	0.0263
1830.0	0.0217
1831.0	0.0482
1832.0	0.0353
1833.0	0.027
1834.0	0.0197
1835.0	0.0156
1836.0	0.0117
1837.0	0.01
1838.0	0.0062
1839.0	0.0078
1840.0	0.0079
1841.0	0.0052
1842.0	0.0051
1843.0	-0.005
1844.0	-0.0092
1845.0	-0.0106
1846.0	-0.01
1847.0	-0.0098
1848.0	0.0001
1849.0	0.0069
1850.0	0.012
1851.0	0.0175
1852.0	0.0225
1853.0	0.0201
1854.0	0.0174
1855.0	0.0097
1856.0	0.0084
1857.0	0.0049
1858.0	0.0101
1859.0	0.0172
1860.0	0.0221
1861.0	0.0262
1862.0	0.0253
1863.0	0.0261
1864.0	0.0264
1865.0	0.0228
1866.0	0.0148
1867.0	0.0081
1868.0	0.0032
1869.0	-0.0012
1870.0	-0.0023
1871.0	-0.0011
1872.0	-0.0014
1873.0	-0.005
1874.0	-0.0056
1875.0	-0.0027
1876.0	0.001
1877.0	0.0062
1878.0	0.0139
1879.0	0.0209
1880.0	0.0253
1881.0	0.023
1882.0	0.022
1883.0	0.0284
1884.0	0.0314
1885.0	0.0345
1886.0	0.0342
1887.0	0.0339
1888.0	0.021
1889.0	0.0119
1890.0	0.0091
1891.0	0.006
1892.0	0.0078
1893.0	0.0115
1894.0	0.0155
1895.0	0.016
1896.0	0.0166
1897.0	0.0195
1898.0	0.0242
1899.0	0.0232
1900.0	0.0238
1901.0	0.0261
1902.0	0.0192
1903.0	0.0153
1904.0	0.0141
1905.0	0.0099
1906.0	0.0122
1907.0	0.0145
1908.0	0.0161
1909.0	0.0173
1910.0	0.0226
1911.0	0.0246
1912.0	0.0255
1913.0	0.0275
1914.0	0.0261
1915.0	0.027
1916.0	0.0278
1917.0	0.0299
1918.0	0.0379
1919.0	0.0426
1920.0	0.0497
1921.0	0.0534
1922.0	0.0543
1923.0	0.0524
1924.0	0.0539
1925.0	0.0502
1926.0	0.0522
1927.0	0.0586
1928.0	0.0612
1929.0	0.0677
1930.0	0.0714
1931.0	0.071
1932.0	0.0714
1933.0	0.0707
1934.0	0.0742
1935.0	0.0773
1936.0	0.0828
1937.0	0.0895
1938.0	0.0919
1939.0	0.0882
1940.0	0.0886
1941.0	0.0927
1942.0	0.0933
1943.0	0.0967
1944.0	0.1049
1945.0	0.1114
1946.0	0.1164
1947.0	0.1243
1948.0	0.1342
1949.0	0.1389
1950.0	0.1427
1951.0	0.1406
1952.0	0.1346
1953.0	0.1309
1954.0	0.1304
1955.0	0.1305
1956.0	0.1354
1957.0	0.1457
1958.0	0.1546
1959.0	0.163
1960.0	0.1696
1961.0	0.1794
1962.0	0.1963
1963.0	0.2145
1964.0	0.2316
1965.0	0.2468
1966.0	0.2516
1967.0	0.265
1968.0	0.2816
1969.0	0.2988
1970.0	0.3178
1971.0	0.3433
1972.0	0.3628
1973.0	0.3802
1974.0	0.4033
1975.0	0.4243
1976.0	0.4455
1977.0	0.4665
1978.0	0.4805
1979.0	0.4903
1980.0	0.5017
1981.0	0.5112
1982.0	0.52
1983.0	0.5286
1984.0	0.5385
1985.0	0.5438
1986.0	0.5452
1987.0	0.5446
1988.0	0.5411
1989.0	0.5351
1990.0	0.5244
1991.0	0.5057
1992.0	0.4806
1993.0	0.452
1994.0	0.4103
1995.0	0.3781
1996.0	0.3474
1997.0	0.3149
1998.0	0.2874
1999.0	0.2607
2000.0	0.2297
2001.0	0.2005
2002.0	0.1774
2003.0	0.1581
2004.0	0.1444
2005.0	0.1367
2006.0	0.1312
2007.0	0.1284
2008.0	0.1292
2009.0	0.136
2010.0	0.1422
2011.0	0.1517
2012.0	0.1614
2013.0	0.1671
2014.0	0.1764
2015.0	0.1857
2016.0	0.2025
2017.0	0.2284
2018.0	0.2569
2019.0	0.2869
2020.0	0.3213
2021.0	0.3553
2022.0	0.3914
2023.0	0.4272
2024.0	0.4674
2025.0	0.5029
2026.0	0.5384
2027.0	0.5673
2028.0	0.5939
2029.0	0.6206
2030.0	0.6434
2031.0	0.6656
2032.0	0.684
2033.0	0.6997
2034.0	0.7131
2035.0	0.7222
2036.0	0.7313
2037.0	0.7423
2038.0	0.7447
2039.0	0.7429
2040.0	0.7392
2041.0	0.7267
2042.0	0.7085
2043.0	0.688
2044.0	0.6658
2045.0	0.6397
2046.0	0.6161
2047.0	0.5946
2048.0	0.5776
2049.0	0.5633
2050.0	0.5549
2051.0	0.5443
2052.0	0.5352
2053.0	0.5259
2054.0	0.5137
2055.0	0.5079
2056.0	0.5051
2057.0	0.5044
2058.0	0.509
2059.0	0.5181
2060.0	0.5253
2061.0	0.5377
2062.0	0.5471
2063.0	0.5529
2064.0	0.5602
2065.0	0.5641
2066.0	0.5732
2067.0	0.5843
2068.0	0.5979
2069.0	0.6163
2070.0	0.6332
2071.0	0.6517
2072.0	0.6689
2073.0	0.6834
2074.0	0.7013
2075.0	0.7164
2076.0	0.7348
2077.0	0.756
2078.0	0.7739
2079.0	0.7934
2080.0	0.8154
2081.0	0.8321
2082.0	0.8472
2083.0	0.8611
2084.0	0.8704
2085.0	0.8812
2086.0	0.8959
2087.0	0.9051
2088.0	0.9111
2089.0	0.916
2090.0	0.9223
2091.0	0.9182
2092.0	0.9106
2093.0	0.9084
2094.0	0.9086
2095.0	0.9138
2096.0	0.9248
2097.0	0.9501
2098.0	0.9646
2099.0	0.9792
2100.0	0.989
2101.0	0.9931
2102.0	0.9983
2103.0	1.0012
2104.0	1.0053
2105.0	1.01
2106.0	1.0134
2107.0	1.0174
2108.0	1.0196
2109.0	1.021
2110.0	1.0212
2111.0	1.0208
2112.0	1.0194
2113.0	1.0138
2114.0	1.0116
2115.0	1.0116
2116.0	1.0138
2117.0	1.0129
2118.0	1.0127
2119.0	1.0145
2120.0	1.0124
2121.0	1.0149
2122.0	1.0216
2123.0	1.029
2124.0	1.0376
2125.0	1.0486
2126.0	1.0603
2127.0	1.0756
2128.0	1.0872
2129.0	1.0946
2130.0	1.1016
2131.0	1.1069
2132.0	1.1032
2133.0	1.1006
2134.0	1.0974
2135.0	1.0888
2136.0	1.0841
2137.0	1.0803
2138.0	1.0792
2139.0	1.0807
2140.0	1.0818
2141.0	1.0879
2142.0	1.0899
2143.0	1.0893
2144.0	1.0891
2145.0	1.0885
2146.0	1.0834
2147.0	1.0846
2148.0	1.0828
2149.0	1.0807
2150.0	1.0847
2151.0	1.0864
2152.0	1.0888
2153.0	1.0886
2154.0	1.0822
2155.0	1.0784
2156.0	1.0714
2157.0	1.0662
2158.0	1.0634
2159.0	1.0598
2160.0	1.0555
2161.0	1.0508
2162.0	1.0451
2163.0	1.0425
2164.0	1.0391
2165.0	1.0385
2166.0	1.0407
2167.0	1.0442
2168.0	1.0501
2169.0	1.0557
2170.0	1.0635
2171.0	1.0679
2172.0	1.0697
2173.0	1.0679
2174.0	1.0615
2175.0	1.0587
2176.0	1.0559
2177.0	1.0532
2178.0	1.0511
2179.0	1.0505
2180.0	1.0502
2181.0	1.0507
2182.0	1.0481
2183.0	1.0425
2184.0	1.0381
2185.0	1.0319
2186.0	1.0297
2187.0	1.0335
2188.0	1.0365
2189.0	1.0412
2190.0	1.0396
2191.0	1.0486
2192.0	1.0482
2193.0	1.0424
2194.0	1.0432
2195.0	1.0322
2196.0	1.0166
2197.0	1.0038
2198.0	0.9886
2199.0	0.9822
2200.0	0.9785
2201.0	0.9791
2202.0	0.9842
2203.0	0.9871
2204.0	0.9884
2205.0	0.9939
2206.0	1.0037
2207.0	1.0081
2208.0	1.0099
2209.0	1.0142
2210.0	1.0183
2211.0	1.0202
2212.0	1.0261
2213.0	1.0264
2214.0	1.0209
2215.0	1.015
2216.0	1.0084
2217.0	1.0022
2218.0	1.0005
2219.0	0.9986
2220.0	0.9965
2221.0	0.994
2222.0	0.9886
2223.0	0.9795
2224.0	0.9711
2225.0	0.9662
2226.0	0.9584
2227.0	0.9498
2228.0	0.9398
2229.0	0.93
2230.0	0.9249
2231.0	0.9231
2232.0	0.9208
2233.0	0.9227
2234.0	0.9194
2235.0	0.9158
2236.0	0.9081
2237.0	0.8952
2238.0	0.8876
2239.0	0.8786
2240.0	0.8704
2241.0	0.8666
2242.0	0.8601
2243.0	0.8507
2244.0	0.843
2245.0	0.8381
2246.0	0.8336
2247.0	0.8288
2248.0	0.8176
2249.0	0.804
2250.0	0.7889
2251.0	0.7788
2252.0	0.776
2253.0	0.7768
2254.0	0.7789
2255.0	0.7726
2256.0	0.762
2257.0	0.7498
2258.0	0.7385
2259.0	0.73
2260.0	0.7228
2261.0	0.7132
2262.0	0.7001
2263.0	0.6912
2264.0	0.6873
2265.0	0.684
2266.0	0.6806
2267.0	0.6757
2268.0	0.6676
2269.0	0.6605
2270.0	0.654
2271.0	0.6488
2272.0	0.6438
2273.0	0.6389
2274.0	0.6355
2275.0	0.6302
2276.0	0.6248
2277.0	0.6177
2278.0	0.6075
2279.0	0.6012
2280.0	0.5942
2281.0	0.5904
2282.0	0.5905
2283.0	0.5884
2284.0	0.5868
2285.0	0.5819
2286.0	0.5732
2287.0	0.5636
2288.0	0.5497
2289.0	0.5369
2290.0	0.5325
2291.0	0.5277
2292.0	0.5198
2293.0	0.5138
2294.0	0.5027
2295.0	0.492
2296.0	0.4855
2297.0	0.4827
2298.0	0.483
2299.0	0.4799
2300.0	0.4796
2301.0	0.4743
2302.0	0.4635
2303.0	0.4592
2304.0	0.4528
2305.0	0.4529
2306.0	0.4592
2307.0	0.4615
2308.0	0.4627
2309.0	0.4587
2310.0	0.4549
2311.0	0.4491
2312.0	0.4398
2313.0	0.4321
2314.0	0.4202
2315.0	0.41
2316.0	0.4013
2317.0	0.3951
2318.0	0.3886
2319.0	0.3803
2320.0	0.3761
2321.0	0.3736
2322.0	0.3743
2323.0	0.3825
2324.0	0.3859
2325.0	0.3888
2326.0	0.3896
2327.0	0.3863
2328.0	0.3825
2329.0	0.3784
2330.0	0.3748
2331.0	0.3642
2332.0	0.3576
2333.0	0.3534
2334.0	0.3454
2335.0	0.3409
2336.0	0.3387
2337.0	0.3319
2338.0	0.3264
2339.0	0.3239
2340.0	0.3148
2341.0	0.3023
2342.0	0.2931
2343.0	0.2798
2344.0	0.2691
2345.0	0.2608
2346.0	0.2535
2347.0	0.253
2348.0	0.2525
2349.0	0.2592
2350.0	0.2615
2351.0	0.2553
2352.0	0.2536
2353.0	0.2484
2354.0	0.2437
2355.0	0.2417
2356.0	0.2385
2357.0	0.2384
2358.0	0.237
2359.0	0.2327
2360.0	0.2317
2361.0	0.2266
2362.0	0.2213
2363.0	0.2226
2364.0	0.2241
2365.0	0.2264
2366.0	0.225
2367.0	0.2199
2368.0	0.2143
2369.0	0.209
2370.0	0.205
2371.0	0.2041
2372.0	0.2023
2373.0	0.1931
2374.0	0.1881
2375.0	0.1839
2376.0	0.1775
2377.0	0.1781
2378.0	0.1774
2379.0	0.1746
2380.0	0.1747
2381.0	0.1716
2382.0	0.1644
2383.0	0.1612
2384.0	0.1616
2385.0	0.1621
2386.0	0.166
2387.0	0.1647
2388.0	0.1553
2389.0	0.1491
2390.0	0.1447
2391.0	0.1434
2392.0	0.1469
2393.0	0.1473
2394.0	0.1464
2395.0	0.15
2396.0	0.1534
2397.0	0.159
2398.0	0.1661
2399.0	0.1676
2400.0	0.1658
2401.0	0.1592
2402.0	0.1524
2403.0	0.1446
2404.0	0.1398
2405.0	0.1411
2406.0	0.1387
2407.0	0.1356
2408.0	0.1304
2409.0	0.1259
2410.0	0.1215
2411.0	0.1166
2412.0	0.1137
2413.0	0.108
2414.0	0.1071
2415.0	0.1064
2416.0	0.1042
2417.0	0.1029
2418.0	0.0989
2419.0	0.0968
2420.0	0.0986
2421.0	0.1008
2422.0	0.0984
2423.0	0.0994
2424.0	0.0996
2425.0	0.094
2426.0	0.0932
2427.0	0.0939
2428.0	0.0931
2429.0	0.0943
2430.0	0.0969
2431.0	0.0941
2432.0	0.0876
2433.0	0.0841
2434.0	0.0771
2435.0	0.071
2436.0	0.0696
2437.0	0.0645
2438.0	0.0621
2439.0	0.0618
2440.0	0.0578
2441.0	0.0589
2442.0	0.062
2443.0	0.062
2444.0	0.063
2445.0	0.0636
2446.0	0.065
2447.0	0.0647
2448.0	0.0635
2449.0	0.0633
2450.0	0.0601
2451.0	0.058
2452.0	0.057
2453.0	0.0593
2454.0	0.0631
2455.0	0.0635
2456.0	0.0664
2457.0	0.0647
2458.0	0.0604
2459.0	0.0629
2460.0	0.0629
2461.0	0.0643
2462.0	0.0642
2463.0	0.0568
2464.0	0.0563
2465.0	0.053
2466.0	0.051
2467.0	0.0488
2468.0	0.0433
2469.0	0.0409
2470.0	0.0415
2471.0	0.0385
2472.0	0.0307
2473.0	0.0283
2474.0	0.0283
2475.0	0.0277
2476.0	0.0352
2477.0	0.0345
2478.0	0.0247
2479.0	0.0218
2480.0	0.0178
2481.0	0.0169
2482.0	0.0207
2483.0	0.0236
2484.0	0.0299
2485.0	0.0286
2486.0	0.0247
2487.0	0.0206
2488.0	0.008
2489.0	0.0069
2490.0	0.0141
2491.0	0.0197
2492.0	0.0242
2493.0	0.0236
2494.0	0.0191
2495.0	0.0173
2496.0	0.0121
2497.0	0.0114
2498.0	0.0151
2499.0	0.012
2500.0	0.0156
