Bands	Reflectance
350.0	0.0011
351.0	0.0011
352.0	0.0011
353.0	0.0012
354.0	0.0012
355.0	0.0013
356.0	0.0014
357.0	0.0014
358.0	0.0014
359.0	0.0015
360.0	0.0016
361.0	0.0017
362.0	0.0017
363.0	0.0017
364.0	0.0017
365.0	0.0018
366.0	0.0019
367.0	0.0018
368.0	0.0018
369.0	0.0019
370.0	0.002
371.0	0.0022
372.0	0.0022
373.0	0.0021
374.0	0.002
375.0	0.0021
376.0	0.0023
377.0	0.0023
378.0	0.0022
379.0	0.0023
380.0	0.0023
381.0	0.0022
382.0	0.0023
383.0	0.0024
384.0	0.0024
385.0	0.0023
386.0	0.0026
387.0	0.0028
388.0	0.0028
389.0	0.0027
390.0	0.0027
391.0	0.0029
392.0	0.003
393.0	0.003
394.0	0.0031
395.0	0.0032
396.0	0.0034
397.0	0.0036
398.0	0.0037
399.0	0.0038
400.0	0.004
401.0	0.0042
402.0	0.0043
403.0	0.0044
404.0	0.0048
405.0	0.005
406.0	0.0052
407.0	0.0053
408.0	0.0056
409.0	0.006
410.0	0.0063
411.0	0.0065
412.0	0.007
413.0	0.0073
414.0	0.0076
415.0	0.0079
416.0	0.0083
417.0	0.0087
418.0	0.0093
419.0	0.0099
420.0	0.0102
421.0	0.0104
422.0	0.0109
423.0	0.0116
424.0	0.0121
425.0	0.0126
426.0	0.0131
427.0	0.0136
428.0	0.0142
429.0	0.0147
430.0	0.0152
431.0	0.0158
432.0	0.0163
433.0	0.0167
434.0	0.0172
435.0	0.0176
436.0	0.0181
437.0	0.0187
438.0	0.019
439.0	0.0196
440.0	0.0202
441.0	0.0207
442.0	0.021
443.0	0.0214
444.0	0.0219
445.0	0.0223
446.0	0.0228
447.0	0.0232
448.0	0.0237
449.0	0.0241
450.0	0.0246
451.0	0.025
452.0	0.0253
453.0	0.0256
454.0	0.026
455.0	0.0265
456.0	0.0269
457.0	0.0274
458.0	0.0277
459.0	0.0282
460.0	0.0285
461.0	0.0287
462.0	0.029
463.0	0.0294
464.0	0.0299
465.0	0.0303
466.0	0.0307
467.0	0.0309
468.0	0.0314
469.0	0.0319
470.0	0.0323
471.0	0.0325
472.0	0.0329
473.0	0.0333
474.0	0.0338
475.0	0.0342
476.0	0.0346
477.0	0.035
478.0	0.0354
479.0	0.0359
480.0	0.0366
481.0	0.0372
482.0	0.0378
483.0	0.0385
484.0	0.0391
485.0	0.0397
486.0	0.0405
487.0	0.0415
488.0	0.0424
489.0	0.0432
490.0	0.0443
491.0	0.0456
492.0	0.0468
493.0	0.0482
494.0	0.0496
495.0	0.051
496.0	0.0526
497.0	0.0545
498.0	0.0565
499.0	0.0586
500.0	0.0608
501.0	0.0633
502.0	0.0659
503.0	0.0685
504.0	0.0716
505.0	0.0749
506.0	0.0785
507.0	0.0823
508.0	0.0863
509.0	0.0906
510.0	0.095
511.0	0.1002
512.0	0.1056
513.0	0.1112
514.0	0.117
515.0	0.1233
516.0	0.13
517.0	0.137
518.0	0.1441
519.0	0.1517
520.0	0.1595
521.0	0.1675
522.0	0.1757
523.0	0.1843
524.0	0.1931
525.0	0.2015
526.0	0.2102
527.0	0.2191
528.0	0.2282
529.0	0.2373
530.0	0.2463
531.0	0.2556
532.0	0.265
533.0	0.2745
534.0	0.2841
535.0	0.2935
536.0	0.3027
537.0	0.3121
538.0	0.3213
539.0	0.33
540.0	0.3385
541.0	0.3465
542.0	0.3542
543.0	0.3616
544.0	0.3682
545.0	0.3741
546.0	0.3794
547.0	0.3846
548.0	0.3896
549.0	0.3946
550.0	0.3993
551.0	0.4043
552.0	0.4096
553.0	0.4147
554.0	0.4195
555.0	0.4237
556.0	0.4274
557.0	0.4307
558.0	0.4342
559.0	0.4366
560.0	0.4378
561.0	0.4383
562.0	0.4384
563.0	0.4377
564.0	0.4359
565.0	0.433
566.0	0.4301
567.0	0.427
568.0	0.4239
569.0	0.4208
570.0	0.4173
571.0	0.4134
572.0	0.4093
573.0	0.4047
574.0	0.3999
575.0	0.3951
576.0	0.3902
577.0	0.3859
578.0	0.3823
579.0	0.3795
580.0	0.3777
581.0	0.3765
582.0	0.3758
583.0	0.376
584.0	0.3767
585.0	0.3775
586.0	0.3784
587.0	0.3799
588.0	0.3811
589.0	0.382
590.0	0.383
591.0	0.3839
592.0	0.3847
593.0	0.3856
594.0	0.3866
595.0	0.3877
596.0	0.3888
597.0	0.3898
598.0	0.391
599.0	0.392
600.0	0.3926
601.0	0.3928
602.0	0.3923
603.0	0.3913
604.0	0.39
605.0	0.3884
606.0	0.3867
607.0	0.3848
608.0	0.3827
609.0	0.3804
610.0	0.3779
611.0	0.3755
612.0	0.3728
613.0	0.3705
614.0	0.3682
615.0	0.3656
616.0	0.3632
617.0	0.3612
618.0	0.3594
619.0	0.3576
620.0	0.3562
621.0	0.3553
622.0	0.3547
623.0	0.3541
624.0	0.3537
625.0	0.3536
626.0	0.3541
627.0	0.3547
628.0	0.3554
629.0	0.3562
630.0	0.3572
631.0	0.3583
632.0	0.3592
633.0	0.3597
634.0	0.3605
635.0	0.361
636.0	0.3609
637.0	0.3604
638.0	0.3596
639.0	0.3583
640.0	0.3567
641.0	0.3549
642.0	0.3529
643.0	0.3505
644.0	0.3479
645.0	0.3449
646.0	0.342
647.0	0.3389
648.0	0.3359
649.0	0.3331
650.0	0.3306
651.0	0.3283
652.0	0.3264
653.0	0.3245
654.0	0.3225
655.0	0.3202
656.0	0.3175
657.0	0.3143
658.0	0.3106
659.0	0.3066
660.0	0.3023
661.0	0.2978
662.0	0.2931
663.0	0.2886
664.0	0.2842
665.0	0.28
666.0	0.2764
667.0	0.2732
668.0	0.2707
669.0	0.2687
670.0	0.2672
671.0	0.2663
672.0	0.266
673.0	0.2664
674.0	0.267
675.0	0.2681
676.0	0.2697
677.0	0.2717
678.0	0.2744
679.0	0.2777
680.0	0.2817
681.0	0.2868
682.0	0.2929
683.0	0.3003
684.0	0.3094
685.0	0.3204
686.0	0.3339
687.0	0.35
688.0	0.3683
689.0	0.3894
690.0	0.4135
691.0	0.4404
692.0	0.4707
693.0	0.5037
694.0	0.5397
695.0	0.5785
696.0	0.6197
697.0	0.6631
698.0	0.7082
699.0	0.7547
700.0	0.8023
701.0	0.8506
702.0	0.8988
703.0	0.9462
704.0	0.993
705.0	1.0389
706.0	1.0837
707.0	1.128
708.0	1.1708
709.0	1.2124
710.0	1.2534
711.0	1.2929
712.0	1.3312
713.0	1.3686
714.0	1.4051
715.0	1.4404
716.0	1.4746
717.0	1.5076
718.0	1.5401
719.0	1.5715
720.0	1.6018
721.0	1.6311
722.0	1.6593
723.0	1.6862
724.0	1.7119
725.0	1.7371
726.0	1.7608
727.0	1.7836
728.0	1.8058
729.0	1.8262
730.0	1.846
731.0	1.8651
732.0	1.8827
733.0	1.9
734.0	1.9171
735.0	1.9335
736.0	1.9487
737.0	1.9628
738.0	1.976
739.0	1.9884
740.0	2.0011
741.0	2.0127
742.0	2.0235
743.0	2.0346
744.0	2.0443
745.0	2.0536
746.0	2.0625
747.0	2.0705
748.0	2.0786
749.0	2.086
750.0	2.0923
751.0	2.0995
752.0	2.1057
753.0	2.111
754.0	2.1163
755.0	2.1206
756.0	2.1245
757.0	2.1281
758.0	2.1317
759.0	2.1352
760.0	2.1382
761.0	2.1405
762.0	2.1425
763.0	2.1446
764.0	2.1464
765.0	2.1477
766.0	2.149
767.0	2.1496
768.0	2.1496
769.0	2.1498
770.0	2.1492
771.0	2.1484
772.0	2.1478
773.0	2.1466
774.0	2.1452
775.0	2.1433
776.0	2.1411
777.0	2.1389
778.0	2.1365
779.0	2.1337
780.0	2.1306
781.0	2.1267
782.0	2.1227
783.0	2.1186
784.0	2.1144
785.0	2.1099
786.0	2.1054
787.0	2.1008
788.0	2.0959
789.0	2.0909
790.0	2.0855
791.0	2.0797
792.0	2.0747
793.0	2.0692
794.0	2.0632
795.0	2.0572
796.0	2.0503
797.0	2.0434
798.0	2.0366
799.0	2.0293
800.0	2.0223
801.0	2.0153
802.0	2.008
803.0	2.0008
804.0	1.9934
805.0	1.9857
806.0	1.9775
807.0	1.9697
808.0	1.9615
809.0	1.953
810.0	1.9446
811.0	1.9358
812.0	1.927
813.0	1.9182
814.0	1.9091
815.0	1.9005
816.0	1.8919
817.0	1.883
818.0	1.8739
819.0	1.8644
820.0	1.855
821.0	1.846
822.0	1.8365
823.0	1.8268
824.0	1.8173
825.0	1.8083
826.0	1.7981
827.0	1.7882
828.0	1.7787
829.0	1.7688
830.0	1.7597
831.0	1.7503
832.0	1.7407
833.0	1.7318
834.0	1.7221
835.0	1.7125
836.0	1.7034
837.0	1.6934
838.0	1.6837
839.0	1.6741
840.0	1.6645
841.0	1.6552
842.0	1.6457
843.0	1.6361
844.0	1.627
845.0	1.6179
846.0	1.6088
847.0	1.5996
848.0	1.5903
849.0	1.5814
850.0	1.5727
851.0	1.5641
852.0	1.5555
853.0	1.5469
854.0	1.5379
855.0	1.5289
856.0	1.5207
857.0	1.5118
858.0	1.5025
859.0	1.4934
860.0	1.4844
861.0	1.4753
862.0	1.4661
863.0	1.4568
864.0	1.4476
865.0	1.4388
866.0	1.4297
867.0	1.42
868.0	1.4107
869.0	1.4009
870.0	1.3912
871.0	1.3823
872.0	1.3728
873.0	1.3634
874.0	1.3539
875.0	1.3442
876.0	1.3349
877.0	1.3251
878.0	1.315
879.0	1.3053
880.0	1.2956
881.0	1.286
882.0	1.2764
883.0	1.2664
884.0	1.2567
885.0	1.247
886.0	1.2374
887.0	1.2284
888.0	1.2184
889.0	1.2084
890.0	1.199
891.0	1.1896
892.0	1.1798
893.0	1.1702
894.0	1.1609
895.0	1.1513
896.0	1.1414
897.0	1.1314
898.0	1.1213
899.0	1.1117
900.0	1.1019
901.0	1.0922
902.0	1.0827
903.0	1.0728
904.0	1.0632
905.0	1.0536
906.0	1.0439
907.0	1.034
908.0	1.024
909.0	1.0135
910.0	1.0029
911.0	0.9935
912.0	0.9848
913.0	0.9756
914.0	0.9656
915.0	0.9558
916.0	0.9465
917.0	0.9372
918.0	0.9274
919.0	0.9178
920.0	0.908
921.0	0.8982
922.0	0.8887
923.0	0.8792
924.0	0.8698
925.0	0.8602
926.0	0.8506
927.0	0.841
928.0	0.8311
929.0	0.8211
930.0	0.8114
931.0	0.8014
932.0	0.7914
933.0	0.7817
934.0	0.7721
935.0	0.7626
936.0	0.7533
937.0	0.7439
938.0	0.7344
939.0	0.7251
940.0	0.7158
941.0	0.7065
942.0	0.6972
943.0	0.6882
944.0	0.6791
945.0	0.67
946.0	0.661
947.0	0.652
948.0	0.643
949.0	0.634
950.0	0.6252
951.0	0.6163
952.0	0.6073
953.0	0.5984
954.0	0.5898
955.0	0.5812
956.0	0.5728
957.0	0.5645
958.0	0.5564
959.0	0.5486
960.0	0.5407
961.0	0.5331
962.0	0.5256
963.0	0.5179
964.0	0.5104
965.0	0.5033
966.0	0.4963
967.0	0.4891
968.0	0.4819
969.0	0.475
970.0	0.4682
971.0	0.4613
972.0	0.4544
973.0	0.4477
974.0	0.4411
975.0	0.4344
976.0	0.4279
977.0	0.4213
978.0	0.4148
979.0	0.4086
980.0	0.4024
981.0	0.3962
982.0	0.39
983.0	0.3838
984.0	0.3779
985.0	0.3719
986.0	0.3659
987.0	0.3599
988.0	0.3539
989.0	0.3483
990.0	0.3427
991.0	0.3369
992.0	0.3312
993.0	0.3254
994.0	0.3199
995.0	0.3144
996.0	0.3087
997.0	0.303
998.0	0.2975
999.0	0.2923
1000.0	0.2869
1001.0	0.4724
1002.0	0.4755
1003.0	0.4786
1004.0	0.4817
1005.0	0.4848
1006.0	0.4879
1007.0	0.491
1008.0	0.4941
1009.0	0.4971
1010.0	0.5002
1011.0	0.5033
1012.0	0.5063
1013.0	0.5093
1014.0	0.5124
1015.0	0.5154
1016.0	0.5184
1017.0	0.5214
1018.0	0.5243
1019.0	0.5274
1020.0	0.5304
1021.0	0.5335
1022.0	0.5366
1023.0	0.5396
1024.0	0.5427
1025.0	0.5459
1026.0	0.549
1027.0	0.5521
1028.0	0.5554
1029.0	0.5586
1030.0	0.5619
1031.0	0.5653
1032.0	0.5687
1033.0	0.5722
1034.0	0.5757
1035.0	0.5792
1036.0	0.5829
1037.0	0.5866
1038.0	0.5904
1039.0	0.5943
1040.0	0.5982
1041.0	0.6023
1042.0	0.6064
1043.0	0.6106
1044.0	0.615
1045.0	0.6196
1046.0	0.6243
1047.0	0.6291
1048.0	0.634
1049.0	0.639
1050.0	0.6442
1051.0	0.6495
1052.0	0.6549
1053.0	0.6604
1054.0	0.666
1055.0	0.6717
1056.0	0.6774
1057.0	0.6833
1058.0	0.6891
1059.0	0.695
1060.0	0.7008
1061.0	0.7066
1062.0	0.7124
1063.0	0.7183
1064.0	0.724
1065.0	0.7298
1066.0	0.7355
1067.0	0.7412
1068.0	0.7469
1069.0	0.7525
1070.0	0.7581
1071.0	0.7638
1072.0	0.7693
1073.0	0.7748
1074.0	0.7803
1075.0	0.7859
1076.0	0.7913
1077.0	0.7968
1078.0	0.8022
1079.0	0.8077
1080.0	0.8132
1081.0	0.8187
1082.0	0.8242
1083.0	0.8297
1084.0	0.8353
1085.0	0.8408
1086.0	0.8465
1087.0	0.8521
1088.0	0.8578
1089.0	0.8634
1090.0	0.8692
1091.0	0.875
1092.0	0.8809
1093.0	0.8868
1094.0	0.8928
1095.0	0.8988
1096.0	0.9049
1097.0	0.9111
1098.0	0.9172
1099.0	0.9234
1100.0	0.9297
1101.0	0.9361
1102.0	0.9424
1103.0	0.9489
1104.0	0.9553
1105.0	0.9619
1106.0	0.9684
1107.0	0.9749
1108.0	0.9815
1109.0	0.9881
1110.0	0.9947
1111.0	1.0012
1112.0	1.0078
1113.0	1.0143
1114.0	1.0208
1115.0	1.0272
1116.0	1.0336
1117.0	1.04
1118.0	1.0463
1119.0	1.0524
1120.0	1.0584
1121.0	1.0643
1122.0	1.07
1123.0	1.0757
1124.0	1.081
1125.0	1.0863
1126.0	1.0913
1127.0	1.096
1128.0	1.1005
1129.0	1.1047
1130.0	1.1086
1131.0	1.1121
1132.0	1.1154
1133.0	1.1183
1134.0	1.121
1135.0	1.1233
1136.0	1.1253
1137.0	1.127
1138.0	1.1285
1139.0	1.1297
1140.0	1.1306
1141.0	1.1315
1142.0	1.1321
1143.0	1.1328
1144.0	1.1332
1145.0	1.1338
1146.0	1.1344
1147.0	1.1351
1148.0	1.1359
1149.0	1.137
1150.0	1.1383
1151.0	1.1398
1152.0	1.1415
1153.0	1.1435
1154.0	1.1457
1155.0	1.1482
1156.0	1.1509
1157.0	1.1538
1158.0	1.1567
1159.0	1.1599
1160.0	1.1632
1161.0	1.1665
1162.0	1.1698
1163.0	1.1733
1164.0	1.1767
1165.0	1.1801
1166.0	1.1834
1167.0	1.1866
1168.0	1.1899
1169.0	1.193
1170.0	1.196
1171.0	1.199
1172.0	1.2018
1173.0	1.2045
1174.0	1.2071
1175.0	1.2095
1176.0	1.2118
1177.0	1.214
1178.0	1.216
1179.0	1.2179
1180.0	1.2195
1181.0	1.2211
1182.0	1.2226
1183.0	1.224
1184.0	1.2253
1185.0	1.2265
1186.0	1.2277
1187.0	1.2287
1188.0	1.2297
1189.0	1.2306
1190.0	1.2315
1191.0	1.2323
1192.0	1.2332
1193.0	1.234
1194.0	1.2348
1195.0	1.2356
1196.0	1.2364
1197.0	1.2371
1198.0	1.2378
1199.0	1.2385
1200.0	1.2391
1201.0	1.2398
1202.0	1.2404
1203.0	1.241
1204.0	1.2416
1205.0	1.2421
1206.0	1.2426
1207.0	1.2431
1208.0	1.2435
1209.0	1.2439
1210.0	1.2442
1211.0	1.2446
1212.0	1.245
1213.0	1.2454
1214.0	1.2457
1215.0	1.2461
1216.0	1.2464
1217.0	1.2468
1218.0	1.2471
1219.0	1.2474
1220.0	1.2477
1221.0	1.2479
1222.0	1.2482
1223.0	1.2484
1224.0	1.2486
1225.0	1.2489
1226.0	1.249
1227.0	1.2492
1228.0	1.2493
1229.0	1.2494
1230.0	1.2494
1231.0	1.2494
1232.0	1.2494
1233.0	1.2493
1234.0	1.2492
1235.0	1.249
1236.0	1.2488
1237.0	1.2486
1238.0	1.2483
1239.0	1.248
1240.0	1.2477
1241.0	1.2474
1242.0	1.247
1243.0	1.2466
1244.0	1.2462
1245.0	1.2457
1246.0	1.2452
1247.0	1.2447
1248.0	1.2442
1249.0	1.2436
1250.0	1.2429
1251.0	1.2423
1252.0	1.2415
1253.0	1.2406
1254.0	1.2397
1255.0	1.2387
1256.0	1.2377
1257.0	1.2366
1258.0	1.2355
1259.0	1.2343
1260.0	1.2329
1261.0	1.2315
1262.0	1.2301
1263.0	1.2285
1264.0	1.2269
1265.0	1.2251
1266.0	1.2233
1267.0	1.2213
1268.0	1.2192
1269.0	1.2169
1270.0	1.2144
1271.0	1.2117
1272.0	1.2087
1273.0	1.2056
1274.0	1.2023
1275.0	1.1987
1276.0	1.195
1277.0	1.191
1278.0	1.1868
1279.0	1.1824
1280.0	1.1779
1281.0	1.1734
1282.0	1.1689
1283.0	1.1643
1284.0	1.1598
1285.0	1.1554
1286.0	1.1508
1287.0	1.1464
1288.0	1.1422
1289.0	1.138
1290.0	1.1341
1291.0	1.1303
1292.0	1.1266
1293.0	1.1232
1294.0	1.12
1295.0	1.1171
1296.0	1.1145
1297.0	1.1122
1298.0	1.1102
1299.0	1.1085
1300.0	1.107
1301.0	1.1058
1302.0	1.1049
1303.0	1.1043
1304.0	1.104
1305.0	1.1039
1306.0	1.104
1307.0	1.1043
1308.0	1.1048
1309.0	1.1054
1310.0	1.1062
1311.0	1.1072
1312.0	1.1083
1313.0	1.1095
1314.0	1.1108
1315.0	1.1122
1316.0	1.1137
1317.0	1.1153
1318.0	1.1169
1319.0	1.1187
1320.0	1.1205
1321.0	1.1224
1322.0	1.1243
1323.0	1.1262
1324.0	1.1282
1325.0	1.1302
1326.0	1.1323
1327.0	1.1344
1328.0	1.1366
1329.0	1.1387
1330.0	1.1409
1331.0	1.1431
1332.0	1.1452
1333.0	1.1474
1334.0	1.1496
1335.0	1.1518
1336.0	1.1541
1337.0	1.1563
1338.0	1.1584
1339.0	1.1605
1340.0	1.1625
1341.0	1.1644
1342.0	1.1663
1343.0	1.168
1344.0	1.1698
1345.0	1.1713
1346.0	1.1727
1347.0	1.174
1348.0	1.1751
1349.0	1.1761
1350.0	1.1769
1351.0	1.1776
1352.0	1.1782
1353.0	1.1786
1354.0	1.179
1355.0	1.1793
1356.0	1.1797
1357.0	1.1799
1358.0	1.1801
1359.0	1.1803
1360.0	1.1804
1361.0	1.1805
1362.0	1.1805
1363.0	1.1805
1364.0	1.1801
1365.0	1.1795
1366.0	1.1783
1367.0	1.1765
1368.0	1.1741
1369.0	1.1707
1370.0	1.1664
1371.0	1.1609
1372.0	1.1541
1373.0	1.1461
1374.0	1.1367
1375.0	1.1258
1376.0	1.1138
1377.0	1.1004
1378.0	1.0858
1379.0	1.0704
1380.0	1.0541
1381.0	1.0374
1382.0	1.02
1383.0	1.0019
1384.0	0.9836
1385.0	0.9643
1386.0	0.9446
1387.0	0.9247
1388.0	0.9043
1389.0	0.884
1390.0	0.8633
1391.0	0.8423
1392.0	0.8215
1393.0	0.8008
1394.0	0.7796
1395.0	0.7595
1396.0	0.7399
1397.0	0.7207
1398.0	0.7026
1399.0	0.6852
1400.0	0.6685
1401.0	0.6528
1402.0	0.6376
1403.0	0.6234
1404.0	0.6103
1405.0	0.5979
1406.0	0.5865
1407.0	0.576
1408.0	0.5662
1409.0	0.5572
1410.0	0.5488
1411.0	0.5411
1412.0	0.5342
1413.0	0.5278
1414.0	0.522
1415.0	0.5168
1416.0	0.512
1417.0	0.5077
1418.0	0.5037
1419.0	0.5001
1420.0	0.4969
1421.0	0.494
1422.0	0.4914
1423.0	0.4891
1424.0	0.4869
1425.0	0.485
1426.0	0.4834
1427.0	0.4819
1428.0	0.4806
1429.0	0.4795
1430.0	0.4785
1431.0	0.4778
1432.0	0.4772
1433.0	0.4767
1434.0	0.4763
1435.0	0.476
1436.0	0.4758
1437.0	0.4758
1438.0	0.4758
1439.0	0.4758
1440.0	0.476
1441.0	0.4761
1442.0	0.4763
1443.0	0.4765
1444.0	0.4768
1445.0	0.4771
1446.0	0.4774
1447.0	0.4777
1448.0	0.4781
1449.0	0.4785
1450.0	0.4789
1451.0	0.4794
1452.0	0.4799
1453.0	0.4803
1454.0	0.4809
1455.0	0.4815
1456.0	0.4822
1457.0	0.4829
1458.0	0.4838
1459.0	0.4848
1460.0	0.4859
1461.0	0.4871
1462.0	0.4885
1463.0	0.49
1464.0	0.4918
1465.0	0.4936
1466.0	0.4956
1467.0	0.4978
1468.0	0.5002
1469.0	0.5027
1470.0	0.5053
1471.0	0.508
1472.0	0.5109
1473.0	0.5139
1474.0	0.517
1475.0	0.5202
1476.0	0.5236
1477.0	0.527
1478.0	0.5304
1479.0	0.5339
1480.0	0.5374
1481.0	0.541
1482.0	0.5447
1483.0	0.5483
1484.0	0.5521
1485.0	0.5558
1486.0	0.5596
1487.0	0.5635
1488.0	0.5673
1489.0	0.5711
1490.0	0.575
1491.0	0.5789
1492.0	0.5829
1493.0	0.5868
1494.0	0.5908
1495.0	0.5948
1496.0	0.5987
1497.0	0.6026
1498.0	0.6066
1499.0	0.6105
1500.0	0.6146
1501.0	0.6187
1502.0	0.6227
1503.0	0.6267
1504.0	0.6306
1505.0	0.6345
1506.0	0.6384
1507.0	0.6424
1508.0	0.6463
1509.0	0.6503
1510.0	0.6541
1511.0	0.658
1512.0	0.6618
1513.0	0.6655
1514.0	0.6694
1515.0	0.6731
1516.0	0.6769
1517.0	0.6806
1518.0	0.6843
1519.0	0.688
1520.0	0.6916
1521.0	0.6951
1522.0	0.6987
1523.0	0.7022
1524.0	0.7057
1525.0	0.7092
1526.0	0.7126
1527.0	0.716
1528.0	0.7193
1529.0	0.7226
1530.0	0.7258
1531.0	0.7289
1532.0	0.7321
1533.0	0.7352
1534.0	0.7383
1535.0	0.7413
1536.0	0.7443
1537.0	0.7472
1538.0	0.7501
1539.0	0.753
1540.0	0.7559
1541.0	0.7587
1542.0	0.7614
1543.0	0.7641
1544.0	0.7667
1545.0	0.7693
1546.0	0.7719
1547.0	0.7744
1548.0	0.7769
1549.0	0.7794
1550.0	0.7818
1551.0	0.7841
1552.0	0.7865
1553.0	0.7887
1554.0	0.7909
1555.0	0.7931
1556.0	0.7952
1557.0	0.7973
1558.0	0.7994
1559.0	0.8014
1560.0	0.8034
1561.0	0.8053
1562.0	0.8071
1563.0	0.809
1564.0	0.8108
1565.0	0.8125
1566.0	0.8142
1567.0	0.8159
1568.0	0.8175
1569.0	0.8191
1570.0	0.8207
1571.0	0.8222
1572.0	0.8237
1573.0	0.8252
1574.0	0.8267
1575.0	0.828
1576.0	0.8294
1577.0	0.8307
1578.0	0.832
1579.0	0.8332
1580.0	0.8343
1581.0	0.8355
1582.0	0.8366
1583.0	0.8378
1584.0	0.8389
1585.0	0.8399
1586.0	0.8409
1587.0	0.8419
1588.0	0.8428
1589.0	0.8437
1590.0	0.8446
1591.0	0.8455
1592.0	0.8462
1593.0	0.847
1594.0	0.8477
1595.0	0.8484
1596.0	0.8492
1597.0	0.8499
1598.0	0.8505
1599.0	0.8511
1600.0	0.8517
1601.0	0.8521
1602.0	0.8526
1603.0	0.853
1604.0	0.8534
1605.0	0.8538
1606.0	0.8541
1607.0	0.8543
1608.0	0.8546
1609.0	0.8548
1610.0	0.8549
1611.0	0.8551
1612.0	0.8551
1613.0	0.8552
1614.0	0.8552
1615.0	0.8551
1616.0	0.8551
1617.0	0.855
1618.0	0.8548
1619.0	0.8546
1620.0	0.8544
1621.0	0.8542
1622.0	0.8539
1623.0	0.8536
1624.0	0.8532
1625.0	0.8528
1626.0	0.8524
1627.0	0.852
1628.0	0.8514
1629.0	0.8509
1630.0	0.8503
1631.0	0.8497
1632.0	0.849
1633.0	0.8483
1634.0	0.8476
1635.0	0.8468
1636.0	0.846
1637.0	0.8451
1638.0	0.8441
1639.0	0.8432
1640.0	0.8421
1641.0	0.841
1642.0	0.8398
1643.0	0.8385
1644.0	0.8372
1645.0	0.8358
1646.0	0.8343
1647.0	0.8328
1648.0	0.8311
1649.0	0.8294
1650.0	0.8276
1651.0	0.8256
1652.0	0.8236
1653.0	0.8215
1654.0	0.8193
1655.0	0.8171
1656.0	0.8148
1657.0	0.8125
1658.0	0.8102
1659.0	0.8079
1660.0	0.8056
1661.0	0.8033
1662.0	0.8011
1663.0	0.7989
1664.0	0.7968
1665.0	0.7948
1666.0	0.7928
1667.0	0.791
1668.0	0.7892
1669.0	0.7876
1670.0	0.7861
1671.0	0.7847
1672.0	0.7833
1673.0	0.7818
1674.0	0.7804
1675.0	0.7789
1676.0	0.7774
1677.0	0.7757
1678.0	0.7739
1679.0	0.7721
1680.0	0.77
1681.0	0.768
1682.0	0.7658
1683.0	0.7636
1684.0	0.7613
1685.0	0.759
1686.0	0.7567
1687.0	0.7543
1688.0	0.752
1689.0	0.7496
1690.0	0.7473
1691.0	0.7448
1692.0	0.7424
1693.0	0.7399
1694.0	0.7373
1695.0	0.7348
1696.0	0.7321
1697.0	0.7294
1698.0	0.7267
1699.0	0.724
1700.0	0.7213
1701.0	0.7185
1702.0	0.7156
1703.0	0.7128
1704.0	0.7099
1705.0	0.7071
1706.0	0.7043
1707.0	0.7015
1708.0	0.6985
1709.0	0.6956
1710.0	0.6926
1711.0	0.6895
1712.0	0.6865
1713.0	0.6835
1714.0	0.6805
1715.0	0.6774
1716.0	0.6743
1717.0	0.6712
1718.0	0.668
1719.0	0.6648
1720.0	0.6616
1721.0	0.6584
1722.0	0.6552
1723.0	0.652
1724.0	0.6487
1725.0	0.6454
1726.0	0.6421
1727.0	0.6389
1728.0	0.6356
1729.0	0.6324
1730.0	0.6292
1731.0	0.6261
1732.0	0.623
1733.0	0.6199
1734.0	0.6167
1735.0	0.6135
1736.0	0.6104
1737.0	0.6072
1738.0	0.604
1739.0	0.6007
1740.0	0.5974
1741.0	0.594
1742.0	0.5906
1743.0	0.5871
1744.0	0.5837
1745.0	0.5803
1746.0	0.5768
1747.0	0.5734
1748.0	0.5699
1749.0	0.5663
1750.0	0.5629
1751.0	0.5593
1752.0	0.5558
1753.0	0.5524
1754.0	0.549
1755.0	0.5455
1756.0	0.5421
1757.0	0.5387
1758.0	0.5353
1759.0	0.532
1760.0	0.5287
1761.0	0.5254
1762.0	0.5222
1763.0	0.5191
1764.0	0.5159
1765.0	0.5129
1766.0	0.5099
1767.0	0.5069
1768.0	0.504
1769.0	0.5011
1770.0	0.4982
1771.0	0.4954
1772.0	0.4925
1773.0	0.4897
1774.0	0.487
1775.0	0.4842
1776.0	0.4815
1777.0	0.4788
1778.0	0.4762
1779.0	0.4736
1780.0	0.471
1781.0	0.4684
1782.0	0.4658
1783.0	0.4632
1784.0	0.4606
1785.0	0.458
1786.0	0.4555
1787.0	0.453
1788.0	0.4505
1789.0	0.448
1790.0	0.4455
1791.0	0.4429
1792.0	0.4404
1793.0	0.4379
1794.0	0.4353
1795.0	0.4327
1796.0	0.4301
1797.0	0.4275
1798.0	0.4248
1799.0	0.4222
1800.0	0.4196
1801.0	0.4169
1802.0	0.4143
1803.0	0.4115
1804.0	0.4088
1805.0	0.406
1806.0	0.4032
1807.0	0.4003
1808.0	0.3974
1809.0	0.3944
1810.0	0.3914
1811.0	0.3883
1812.0	0.3851
1813.0	0.3819
1814.0	0.3785
1815.0	0.3751
1816.0	0.3716
1817.0	0.3681
1818.0	0.3645
1819.0	0.3607
1820.0	0.3569
1821.0	0.3529
1822.0	0.3488
1823.0	0.3445
1824.0	0.3401
1825.0	0.3354
1826.0	0.3305
1827.0	0.3253
1828.0	0.3199
1829.0	0.3139
1830.0	0.3077
1831.0	0.6935
1832.0	0.6951
1833.0	0.6964
1834.0	0.6977
1835.0	0.6989
1836.0	0.7
1837.0	0.7008
1838.0	0.7016
1839.0	0.7023
1840.0	0.7028
1841.0	0.7033
1842.0	0.7035
1843.0	0.7033
1844.0	0.7029
1845.0	0.702
1846.0	0.7008
1847.0	0.6992
1848.0	0.6972
1849.0	0.6946
1850.0	0.6914
1851.0	0.6877
1852.0	0.6834
1853.0	0.6787
1854.0	0.6734
1855.0	0.6677
1856.0	0.6614
1857.0	0.6545
1858.0	0.6468
1859.0	0.6384
1860.0	0.6293
1861.0	0.6195
1862.0	0.6091
1863.0	0.5978
1864.0	0.5858
1865.0	0.5734
1866.0	0.5604
1867.0	0.5468
1868.0	0.533
1869.0	0.5192
1870.0	0.5051
1871.0	0.4912
1872.0	0.4773
1873.0	0.4632
1874.0	0.4496
1875.0	0.4357
1876.0	0.4219
1877.0	0.4083
1878.0	0.395
1879.0	0.3815
1880.0	0.3683
1881.0	0.3553
1882.0	0.3425
1883.0	0.3302
1884.0	0.3181
1885.0	0.3064
1886.0	0.2954
1887.0	0.2849
1888.0	0.2749
1889.0	0.2657
1890.0	0.2572
1891.0	0.2493
1892.0	0.2421
1893.0	0.2352
1894.0	0.2289
1895.0	0.2233
1896.0	0.2181
1897.0	0.2135
1898.0	0.2095
1899.0	0.2058
1900.0	0.2027
1901.0	0.2
1902.0	0.1976
1903.0	0.1958
1904.0	0.1942
1905.0	0.1929
1906.0	0.1917
1907.0	0.1908
1908.0	0.1899
1909.0	0.1892
1910.0	0.1887
1911.0	0.1883
1912.0	0.188
1913.0	0.1879
1914.0	0.1876
1915.0	0.1874
1916.0	0.1873
1917.0	0.1872
1918.0	0.1872
1919.0	0.1873
1920.0	0.1875
1921.0	0.1877
1922.0	0.1881
1923.0	0.1885
1924.0	0.1889
1925.0	0.1892
1926.0	0.1897
1927.0	0.1902
1928.0	0.1907
1929.0	0.1913
1930.0	0.1918
1931.0	0.1922
1932.0	0.1928
1933.0	0.1934
1934.0	0.194
1935.0	0.1946
1936.0	0.1953
1937.0	0.196
1938.0	0.1966
1939.0	0.1973
1940.0	0.1979
1941.0	0.1986
1942.0	0.1993
1943.0	0.2001
1944.0	0.2008
1945.0	0.2017
1946.0	0.2026
1947.0	0.2036
1948.0	0.2045
1949.0	0.2055
1950.0	0.2065
1951.0	0.2075
1952.0	0.2084
1953.0	0.2094
1954.0	0.2105
1955.0	0.2115
1956.0	0.2126
1957.0	0.2137
1958.0	0.2148
1959.0	0.2159
1960.0	0.217
1961.0	0.2183
1962.0	0.2195
1963.0	0.2209
1964.0	0.2223
1965.0	0.2236
1966.0	0.2249
1967.0	0.2262
1968.0	0.2276
1969.0	0.2289
1970.0	0.2302
1971.0	0.2316
1972.0	0.233
1973.0	0.2344
1974.0	0.2359
1975.0	0.2376
1976.0	0.2391
1977.0	0.2406
1978.0	0.242
1979.0	0.2434
1980.0	0.2448
1981.0	0.2463
1982.0	0.2479
1983.0	0.2494
1984.0	0.251
1985.0	0.2526
1986.0	0.2541
1987.0	0.2558
1988.0	0.2573
1989.0	0.259
1990.0	0.2607
1991.0	0.2624
1992.0	0.2641
1993.0	0.2657
1994.0	0.2673
1995.0	0.2689
1996.0	0.2705
1997.0	0.272
1998.0	0.2736
1999.0	0.2753
2000.0	0.277
2001.0	0.2788
2002.0	0.2807
2003.0	0.2825
2004.0	0.2843
2005.0	0.286
2006.0	0.2878
2007.0	0.2894
2008.0	0.2912
2009.0	0.293
2010.0	0.2948
2011.0	0.2965
2012.0	0.2982
2013.0	0.2999
2014.0	0.3015
2015.0	0.3033
2016.0	0.3051
2017.0	0.3068
2018.0	0.3084
2019.0	0.3101
2020.0	0.3117
2021.0	0.3133
2022.0	0.315
2023.0	0.3167
2024.0	0.3183
2025.0	0.3199
2026.0	0.3214
2027.0	0.323
2028.0	0.3245
2029.0	0.326
2030.0	0.3276
2031.0	0.3292
2032.0	0.3308
2033.0	0.3324
2034.0	0.3339
2035.0	0.3353
2036.0	0.3368
2037.0	0.3383
2038.0	0.3398
2039.0	0.3413
2040.0	0.3428
2041.0	0.3443
2042.0	0.3456
2043.0	0.347
2044.0	0.3484
2045.0	0.3497
2046.0	0.3511
2047.0	0.3525
2048.0	0.3538
2049.0	0.3552
2050.0	0.3565
2051.0	0.3579
2052.0	0.3592
2053.0	0.3605
2054.0	0.3618
2055.0	0.3632
2056.0	0.3644
2057.0	0.3657
2058.0	0.367
2059.0	0.3683
2060.0	0.3696
2061.0	0.3709
2062.0	0.3722
2063.0	0.3735
2064.0	0.3748
2065.0	0.3761
2066.0	0.3774
2067.0	0.3786
2068.0	0.3798
2069.0	0.381
2070.0	0.3822
2071.0	0.3835
2072.0	0.3847
2073.0	0.3858
2074.0	0.387
2075.0	0.3881
2076.0	0.3893
2077.0	0.3906
2078.0	0.3919
2079.0	0.3931
2080.0	0.3942
2081.0	0.3954
2082.0	0.3966
2083.0	0.3977
2084.0	0.3989
2085.0	0.4001
2086.0	0.4011
2087.0	0.4021
2088.0	0.4031
2089.0	0.4042
2090.0	0.4053
2091.0	0.4064
2092.0	0.4075
2093.0	0.4085
2094.0	0.4095
2095.0	0.4106
2096.0	0.4116
2097.0	0.4126
2098.0	0.4137
2099.0	0.4147
2100.0	0.4157
2101.0	0.4168
2102.0	0.4178
2103.0	0.4188
2104.0	0.4198
2105.0	0.4207
2106.0	0.4217
2107.0	0.4226
2108.0	0.4235
2109.0	0.4244
2110.0	0.4252
2111.0	0.4262
2112.0	0.4271
2113.0	0.4281
2114.0	0.429
2115.0	0.4299
2116.0	0.4309
2117.0	0.4318
2118.0	0.4329
2119.0	0.4337
2120.0	0.4345
2121.0	0.4353
2122.0	0.4361
2123.0	0.4369
2124.0	0.4378
2125.0	0.4386
2126.0	0.4393
2127.0	0.44
2128.0	0.4407
2129.0	0.4413
2130.0	0.442
2131.0	0.4425
2132.0	0.4431
2133.0	0.4437
2134.0	0.4443
2135.0	0.4449
2136.0	0.4455
2137.0	0.4461
2138.0	0.4466
2139.0	0.4471
2140.0	0.4475
2141.0	0.4479
2142.0	0.4483
2143.0	0.4486
2144.0	0.4489
2145.0	0.4492
2146.0	0.4493
2147.0	0.4495
2148.0	0.4498
2149.0	0.4499
2150.0	0.4501
2151.0	0.4504
2152.0	0.4505
2153.0	0.4507
2154.0	0.4508
2155.0	0.4509
2156.0	0.4508
2157.0	0.4508
2158.0	0.4507
2159.0	0.4506
2160.0	0.4505
2161.0	0.4503
2162.0	0.45
2163.0	0.4498
2164.0	0.4496
2165.0	0.4494
2166.0	0.4492
2167.0	0.4491
2168.0	0.449
2169.0	0.4486
2170.0	0.4482
2171.0	0.4478
2172.0	0.4474
2173.0	0.447
2174.0	0.4466
2175.0	0.4461
2176.0	0.4456
2177.0	0.4449
2178.0	0.4443
2179.0	0.4436
2180.0	0.4429
2181.0	0.4422
2182.0	0.4414
2183.0	0.4407
2184.0	0.4399
2185.0	0.439
2186.0	0.4382
2187.0	0.4372
2188.0	0.4363
2189.0	0.4352
2190.0	0.4342
2191.0	0.4331
2192.0	0.432
2193.0	0.4309
2194.0	0.4297
2195.0	0.4285
2196.0	0.4272
2197.0	0.426
2198.0	0.4249
2199.0	0.4237
2200.0	0.4225
2201.0	0.4213
2202.0	0.4202
2203.0	0.419
2204.0	0.4178
2205.0	0.4166
2206.0	0.4154
2207.0	0.4142
2208.0	0.413
2209.0	0.4118
2210.0	0.4107
2211.0	0.4096
2212.0	0.4086
2213.0	0.4074
2214.0	0.4063
2215.0	0.4051
2216.0	0.4038
2217.0	0.4026
2218.0	0.4014
2219.0	0.4002
2220.0	0.399
2221.0	0.3977
2222.0	0.3963
2223.0	0.3949
2224.0	0.3934
2225.0	0.3919
2226.0	0.3904
2227.0	0.3887
2228.0	0.387
2229.0	0.3853
2230.0	0.3836
2231.0	0.382
2232.0	0.3802
2233.0	0.3785
2234.0	0.3766
2235.0	0.3746
2236.0	0.3727
2237.0	0.3706
2238.0	0.3686
2239.0	0.3664
2240.0	0.3644
2241.0	0.3623
2242.0	0.3602
2243.0	0.3582
2244.0	0.3562
2245.0	0.3541
2246.0	0.352
2247.0	0.35
2248.0	0.3478
2249.0	0.3456
2250.0	0.3434
2251.0	0.3412
2252.0	0.339
2253.0	0.3369
2254.0	0.3347
2255.0	0.3324
2256.0	0.3301
2257.0	0.3276
2258.0	0.3252
2259.0	0.3227
2260.0	0.3203
2261.0	0.3178
2262.0	0.3153
2263.0	0.3129
2264.0	0.3103
2265.0	0.3079
2266.0	0.3055
2267.0	0.3031
2268.0	0.3007
2269.0	0.2984
2270.0	0.2961
2271.0	0.2938
2272.0	0.2916
2273.0	0.2894
2274.0	0.2872
2275.0	0.285
2276.0	0.2828
2277.0	0.2806
2278.0	0.2784
2279.0	0.2761
2280.0	0.2739
2281.0	0.2717
2282.0	0.2696
2283.0	0.2675
2284.0	0.2654
2285.0	0.2632
2286.0	0.261
2287.0	0.2588
2288.0	0.2566
2289.0	0.2544
2290.0	0.2521
2291.0	0.2498
2292.0	0.2474
2293.0	0.2451
2294.0	0.2427
2295.0	0.2403
2296.0	0.2381
2297.0	0.2358
2298.0	0.2335
2299.0	0.2313
2300.0	0.2291
2301.0	0.227
2302.0	0.2248
2303.0	0.2226
2304.0	0.2205
2305.0	0.2184
2306.0	0.2164
2307.0	0.2146
2308.0	0.2127
2309.0	0.2107
2310.0	0.2088
2311.0	0.2069
2312.0	0.205
2313.0	0.2032
2314.0	0.2015
2315.0	0.1997
2316.0	0.198
2317.0	0.1963
2318.0	0.1945
2319.0	0.1928
2320.0	0.191
2321.0	0.1892
2322.0	0.1874
2323.0	0.1856
2324.0	0.1839
2325.0	0.1822
2326.0	0.1805
2327.0	0.1787
2328.0	0.1769
2329.0	0.1751
2330.0	0.1733
2331.0	0.1714
2332.0	0.1697
2333.0	0.1679
2334.0	0.1661
2335.0	0.1644
2336.0	0.1626
2337.0	0.161
2338.0	0.1593
2339.0	0.1575
2340.0	0.1558
2341.0	0.1538
2342.0	0.152
2343.0	0.1502
2344.0	0.1485
2345.0	0.1471
2346.0	0.1455
2347.0	0.144
2348.0	0.1425
2349.0	0.141
2350.0	0.1394
2351.0	0.1379
2352.0	0.1364
2353.0	0.1348
2354.0	0.1333
2355.0	0.1319
2356.0	0.1306
2357.0	0.1292
2358.0	0.1277
2359.0	0.1262
2360.0	0.1247
2361.0	0.1232
2362.0	0.1218
2363.0	0.1203
2364.0	0.1189
2365.0	0.1175
2366.0	0.1161
2367.0	0.1147
2368.0	0.1134
2369.0	0.1122
2370.0	0.1109
2371.0	0.1096
2372.0	0.1082
2373.0	0.1067
2374.0	0.1054
2375.0	0.1042
2376.0	0.1029
2377.0	0.1017
2378.0	0.1005
2379.0	0.0992
2380.0	0.0979
2381.0	0.0966
2382.0	0.0954
2383.0	0.0942
2384.0	0.093
2385.0	0.0918
2386.0	0.0906
2387.0	0.0893
2388.0	0.0881
2389.0	0.087
2390.0	0.0859
2391.0	0.0849
2392.0	0.0839
2393.0	0.0828
2394.0	0.0816
2395.0	0.0803
2396.0	0.0792
2397.0	0.0781
2398.0	0.0771
2399.0	0.0762
2400.0	0.0753
2401.0	0.0743
2402.0	0.0734
2403.0	0.0724
2404.0	0.0714
2405.0	0.0705
2406.0	0.0695
2407.0	0.0687
2408.0	0.0678
2409.0	0.0667
2410.0	0.0657
2411.0	0.0648
2412.0	0.0639
2413.0	0.0631
2414.0	0.0623
2415.0	0.0615
2416.0	0.0607
2417.0	0.06
2418.0	0.0591
2419.0	0.0583
2420.0	0.0575
2421.0	0.0566
2422.0	0.0558
2423.0	0.0551
2424.0	0.0543
2425.0	0.0536
2426.0	0.0529
2427.0	0.0522
2428.0	0.0516
2429.0	0.0509
2430.0	0.0502
2431.0	0.0497
2432.0	0.049
2433.0	0.0483
2434.0	0.0476
2435.0	0.0468
2436.0	0.0462
2437.0	0.0456
2438.0	0.045
2439.0	0.0445
2440.0	0.0439
2441.0	0.0433
2442.0	0.0426
2443.0	0.042
2444.0	0.0415
2445.0	0.041
2446.0	0.0406
2447.0	0.0401
2448.0	0.0395
2449.0	0.039
2450.0	0.0385
2451.0	0.038
2452.0	0.0375
2453.0	0.037
2454.0	0.0364
2455.0	0.0359
2456.0	0.0354
2457.0	0.035
2458.0	0.0346
2459.0	0.0343
2460.0	0.0338
2461.0	0.0334
2462.0	0.033
2463.0	0.0325
2464.0	0.0321
2465.0	0.0316
2466.0	0.0312
2467.0	0.0308
2468.0	0.0305
2469.0	0.0302
2470.0	0.0297
2471.0	0.0293
2472.0	0.0289
2473.0	0.0284
2474.0	0.028
2475.0	0.0276
2476.0	0.027
2477.0	0.0266
2478.0	0.0263
2479.0	0.0259
2480.0	0.0257
2481.0	0.0253
2482.0	0.0249
2483.0	0.0244
2484.0	0.0239
2485.0	0.0234
2486.0	0.0229
2487.0	0.0225
2488.0	0.0222
2489.0	0.0218
2490.0	0.0214
2491.0	0.0209
2492.0	0.0203
2493.0	0.0199
2494.0	0.0195
2495.0	0.019
2496.0	0.0186
2497.0	0.0182
2498.0	0.0177
2499.0	0.0173
2500.0	0.0169
