Bands	Reflectance
350.0	0.0008
351.0	0.0008
352.0	0.0009
353.0	0.0008
354.0	0.0009
355.0	0.001
356.0	0.001
357.0	0.001
358.0	0.001
359.0	0.001
360.0	0.0012
361.0	0.0012
362.0	0.0011
363.0	0.0011
364.0	0.0012
365.0	0.0013
366.0	0.0013
367.0	0.0012
368.0	0.0011
369.0	0.0012
370.0	0.0013
371.0	0.0014
372.0	0.0015
373.0	0.0015
374.0	0.0014
375.0	0.0014
376.0	0.0014
377.0	0.0014
378.0	0.0014
379.0	0.0015
380.0	0.0015
381.0	0.0015
382.0	0.0016
383.0	0.0016
384.0	0.0016
385.0	0.0016
386.0	0.0017
387.0	0.0017
388.0	0.0018
389.0	0.0018
390.0	0.0017
391.0	0.0018
392.0	0.002
393.0	0.002
394.0	0.002
395.0	0.002
396.0	0.002
397.0	0.0022
398.0	0.0023
399.0	0.0023
400.0	0.0024
401.0	0.0026
402.0	0.0027
403.0	0.0028
404.0	0.003
405.0	0.0031
406.0	0.0032
407.0	0.0033
408.0	0.0035
409.0	0.0037
410.0	0.0039
411.0	0.0042
412.0	0.0045
413.0	0.0047
414.0	0.0048
415.0	0.0051
416.0	0.0053
417.0	0.0056
418.0	0.0059
419.0	0.0062
420.0	0.0065
421.0	0.0066
422.0	0.0068
423.0	0.0073
424.0	0.0077
425.0	0.0081
426.0	0.0083
427.0	0.0085
428.0	0.009
429.0	0.0095
430.0	0.0097
431.0	0.01
432.0	0.0103
433.0	0.0106
434.0	0.011
435.0	0.0112
436.0	0.0115
437.0	0.0118
438.0	0.0121
439.0	0.0124
440.0	0.0127
441.0	0.013
442.0	0.0133
443.0	0.0136
444.0	0.0139
445.0	0.0142
446.0	0.0144
447.0	0.0147
448.0	0.015
449.0	0.0153
450.0	0.0156
451.0	0.016
452.0	0.0162
453.0	0.0165
454.0	0.0167
455.0	0.0169
456.0	0.0173
457.0	0.0177
458.0	0.018
459.0	0.0182
460.0	0.0184
461.0	0.0186
462.0	0.0187
463.0	0.0189
464.0	0.0194
465.0	0.0197
466.0	0.0199
467.0	0.0199
468.0	0.0203
469.0	0.0207
470.0	0.021
471.0	0.0212
472.0	0.0214
473.0	0.0216
474.0	0.022
475.0	0.0223
476.0	0.0225
477.0	0.0228
478.0	0.0231
479.0	0.0235
480.0	0.0239
481.0	0.0243
482.0	0.0248
483.0	0.0253
484.0	0.0257
485.0	0.0261
486.0	0.0268
487.0	0.0275
488.0	0.0282
489.0	0.0289
490.0	0.0296
491.0	0.0305
492.0	0.0315
493.0	0.0325
494.0	0.0336
495.0	0.0348
496.0	0.0361
497.0	0.0377
498.0	0.0393
499.0	0.0409
500.0	0.0427
501.0	0.0447
502.0	0.047
503.0	0.0494
504.0	0.0519
505.0	0.0548
506.0	0.058
507.0	0.0614
508.0	0.0649
509.0	0.0686
510.0	0.0726
511.0	0.0774
512.0	0.0824
513.0	0.0876
514.0	0.0931
515.0	0.0989
516.0	0.1052
517.0	0.1119
518.0	0.1187
519.0	0.1258
520.0	0.1333
521.0	0.1411
522.0	0.149
523.0	0.1572
524.0	0.1656
525.0	0.1737
526.0	0.182
527.0	0.1905
528.0	0.1991
529.0	0.2076
530.0	0.2163
531.0	0.225
532.0	0.2338
533.0	0.2427
534.0	0.2515
535.0	0.2603
536.0	0.2687
537.0	0.2772
538.0	0.2854
539.0	0.2933
540.0	0.3008
541.0	0.308
542.0	0.3149
543.0	0.3213
544.0	0.3271
545.0	0.3322
546.0	0.3368
547.0	0.3411
548.0	0.3454
549.0	0.3497
550.0	0.3539
551.0	0.3583
552.0	0.3629
553.0	0.3675
554.0	0.3717
555.0	0.3751
556.0	0.3779
557.0	0.3804
558.0	0.3829
559.0	0.3845
560.0	0.385
561.0	0.3845
562.0	0.3836
563.0	0.3819
564.0	0.3793
565.0	0.3755
566.0	0.3715
567.0	0.3675
568.0	0.3634
569.0	0.3593
570.0	0.3551
571.0	0.3507
572.0	0.3463
573.0	0.3419
574.0	0.3374
575.0	0.333
576.0	0.3286
577.0	0.3247
578.0	0.3213
579.0	0.3185
580.0	0.3167
581.0	0.3152
582.0	0.3138
583.0	0.3128
584.0	0.3117
585.0	0.311
586.0	0.3108
587.0	0.3109
588.0	0.3108
589.0	0.3106
590.0	0.3107
591.0	0.3106
592.0	0.3106
593.0	0.3107
594.0	0.3111
595.0	0.3117
596.0	0.3125
597.0	0.3132
598.0	0.314
599.0	0.3146
600.0	0.3149
601.0	0.3149
602.0	0.3142
603.0	0.3129
604.0	0.3112
605.0	0.3093
606.0	0.3072
607.0	0.305
608.0	0.3025
609.0	0.2997
610.0	0.297
611.0	0.2942
612.0	0.2912
613.0	0.2884
614.0	0.2857
615.0	0.2828
616.0	0.2801
617.0	0.2777
618.0	0.2755
619.0	0.2736
620.0	0.2719
621.0	0.2706
622.0	0.2696
623.0	0.2688
624.0	0.2681
625.0	0.2678
626.0	0.2678
627.0	0.268
628.0	0.2684
629.0	0.2688
630.0	0.2692
631.0	0.2698
632.0	0.2704
633.0	0.2707
634.0	0.2709
635.0	0.2709
636.0	0.2706
637.0	0.2696
638.0	0.2684
639.0	0.2667
640.0	0.2646
641.0	0.2623
642.0	0.2598
643.0	0.2569
644.0	0.2536
645.0	0.2501
646.0	0.2467
647.0	0.2433
648.0	0.2397
649.0	0.2364
650.0	0.2334
651.0	0.2306
652.0	0.228
653.0	0.2256
654.0	0.2232
655.0	0.2205
656.0	0.2174
657.0	0.2139
658.0	0.2101
659.0	0.2058
660.0	0.2013
661.0	0.1968
662.0	0.1922
663.0	0.1878
664.0	0.1835
665.0	0.1795
666.0	0.1761
667.0	0.1731
668.0	0.1706
669.0	0.1688
670.0	0.1674
671.0	0.1665
672.0	0.1662
673.0	0.1664
674.0	0.167
675.0	0.1679
676.0	0.1693
677.0	0.1709
678.0	0.1732
679.0	0.176
680.0	0.1796
681.0	0.1839
682.0	0.1892
683.0	0.1955
684.0	0.2032
685.0	0.2129
686.0	0.2245
687.0	0.2384
688.0	0.2546
689.0	0.2738
690.0	0.2959
691.0	0.321
692.0	0.3497
693.0	0.3814
694.0	0.4163
695.0	0.4545
696.0	0.4955
697.0	0.5393
698.0	0.5854
699.0	0.6332
700.0	0.6823
701.0	0.7326
702.0	0.7834
703.0	0.8335
704.0	0.8835
705.0	0.9326
706.0	0.9806
707.0	1.0281
708.0	1.0743
709.0	1.1192
710.0	1.1632
711.0	1.2055
712.0	1.2467
713.0	1.287
714.0	1.3258
715.0	1.3636
716.0	1.4001
717.0	1.4351
718.0	1.4695
719.0	1.5025
720.0	1.5342
721.0	1.5649
722.0	1.5943
723.0	1.6222
724.0	1.6486
725.0	1.6747
726.0	1.6993
727.0	1.7226
728.0	1.7453
729.0	1.7663
730.0	1.7866
731.0	1.8058
732.0	1.8237
733.0	1.8412
734.0	1.8584
735.0	1.875
736.0	1.8902
737.0	1.9044
738.0	1.9177
739.0	1.9303
740.0	1.9428
741.0	1.9544
742.0	1.9652
743.0	1.9762
744.0	1.9857
745.0	1.9949
746.0	2.0037
747.0	2.0114
748.0	2.0193
749.0	2.0266
750.0	2.033
751.0	2.0395
752.0	2.0454
753.0	2.0507
754.0	2.0559
755.0	2.0599
756.0	2.0635
757.0	2.067
758.0	2.0704
759.0	2.0736
760.0	2.0763
761.0	2.0784
762.0	2.0803
763.0	2.0821
764.0	2.0836
765.0	2.0844
766.0	2.0856
767.0	2.0861
768.0	2.086
769.0	2.0859
770.0	2.085
771.0	2.0842
772.0	2.0836
773.0	2.0823
774.0	2.0806
775.0	2.0786
776.0	2.0763
777.0	2.0737
778.0	2.0712
779.0	2.0685
780.0	2.0653
781.0	2.0614
782.0	2.0573
783.0	2.0532
784.0	2.0489
785.0	2.0443
786.0	2.0397
787.0	2.0353
788.0	2.0304
789.0	2.0253
790.0	2.0199
791.0	2.0142
792.0	2.009
793.0	2.0035
794.0	1.9977
795.0	1.9917
796.0	1.9848
797.0	1.978
798.0	1.9714
799.0	1.9641
800.0	1.9571
801.0	1.9501
802.0	1.943
803.0	1.9357
804.0	1.9285
805.0	1.9209
806.0	1.9128
807.0	1.9053
808.0	1.8972
809.0	1.8888
810.0	1.8805
811.0	1.8716
812.0	1.863
813.0	1.8545
814.0	1.8454
815.0	1.837
816.0	1.8287
817.0	1.82
818.0	1.8111
819.0	1.8018
820.0	1.7927
821.0	1.7838
822.0	1.7746
823.0	1.765
824.0	1.7556
825.0	1.7468
826.0	1.7371
827.0	1.7275
828.0	1.7181
829.0	1.7084
830.0	1.6995
831.0	1.6904
832.0	1.6811
833.0	1.6725
834.0	1.663
835.0	1.6538
836.0	1.6448
837.0	1.6349
838.0	1.6256
839.0	1.6164
840.0	1.607
841.0	1.5981
842.0	1.5889
843.0	1.5797
844.0	1.5707
845.0	1.5617
846.0	1.5529
847.0	1.544
848.0	1.5351
849.0	1.5265
850.0	1.518
851.0	1.5096
852.0	1.5014
853.0	1.4929
854.0	1.484
855.0	1.4752
856.0	1.4672
857.0	1.4586
858.0	1.4498
859.0	1.441
860.0	1.4321
861.0	1.4233
862.0	1.4144
863.0	1.4054
864.0	1.3965
865.0	1.3878
866.0	1.379
867.0	1.3698
868.0	1.3607
869.0	1.3512
870.0	1.3417
871.0	1.3329
872.0	1.3238
873.0	1.3148
874.0	1.3056
875.0	1.2962
876.0	1.2873
877.0	1.2778
878.0	1.268
879.0	1.2587
880.0	1.2493
881.0	1.2399
882.0	1.2305
883.0	1.2209
884.0	1.2115
885.0	1.2021
886.0	1.1927
887.0	1.184
888.0	1.1743
889.0	1.1647
890.0	1.1558
891.0	1.1465
892.0	1.137
893.0	1.1276
894.0	1.1185
895.0	1.1092
896.0	1.0997
897.0	1.0901
898.0	1.0804
899.0	1.0709
900.0	1.0615
901.0	1.0522
902.0	1.0428
903.0	1.0333
904.0	1.0239
905.0	1.0146
906.0	1.0053
907.0	0.9959
908.0	0.9862
909.0	0.976
910.0	0.9657
911.0	0.9567
912.0	0.9482
913.0	0.9394
914.0	0.9296
915.0	0.9201
916.0	0.9112
917.0	0.9023
918.0	0.8927
919.0	0.8835
920.0	0.874
921.0	0.8645
922.0	0.8556
923.0	0.8464
924.0	0.8371
925.0	0.8279
926.0	0.8187
927.0	0.8095
928.0	0.8
929.0	0.7903
930.0	0.781
931.0	0.7713
932.0	0.7618
933.0	0.7525
934.0	0.7432
935.0	0.7342
936.0	0.7251
937.0	0.716
938.0	0.7069
939.0	0.6981
940.0	0.6892
941.0	0.6801
942.0	0.6713
943.0	0.6627
944.0	0.6541
945.0	0.6453
946.0	0.6365
947.0	0.6279
948.0	0.6194
949.0	0.6109
950.0	0.6024
951.0	0.5938
952.0	0.5852
953.0	0.5767
954.0	0.5685
955.0	0.5603
956.0	0.5524
957.0	0.5446
958.0	0.5368
959.0	0.5292
960.0	0.5216
961.0	0.5142
962.0	0.5071
963.0	0.4997
964.0	0.4926
965.0	0.4856
966.0	0.4787
967.0	0.4719
968.0	0.4651
969.0	0.4583
970.0	0.4517
971.0	0.4451
972.0	0.4385
973.0	0.432
974.0	0.4255
975.0	0.4192
976.0	0.4128
977.0	0.4065
978.0	0.4002
979.0	0.3943
980.0	0.3882
981.0	0.3822
982.0	0.3762
983.0	0.3703
984.0	0.3647
985.0	0.3588
986.0	0.3529
987.0	0.3472
988.0	0.3416
989.0	0.3359
990.0	0.3304
991.0	0.3248
992.0	0.3194
993.0	0.3138
994.0	0.3083
995.0	0.3029
996.0	0.2976
997.0	0.2922
998.0	0.2868
999.0	0.2815
1000.0	0.2763
1001.0	0.4425
1002.0	0.4454
1003.0	0.4482
1004.0	0.451
1005.0	0.4539
1006.0	0.4567
1007.0	0.4596
1008.0	0.4625
1009.0	0.4653
1010.0	0.4681
1011.0	0.4709
1012.0	0.4737
1013.0	0.4765
1014.0	0.4792
1015.0	0.482
1016.0	0.4848
1017.0	0.4876
1018.0	0.4904
1019.0	0.4931
1020.0	0.4959
1021.0	0.4986
1022.0	0.5014
1023.0	0.5042
1024.0	0.507
1025.0	0.5099
1026.0	0.5128
1027.0	0.5158
1028.0	0.5188
1029.0	0.5218
1030.0	0.5248
1031.0	0.5279
1032.0	0.531
1033.0	0.5341
1034.0	0.5373
1035.0	0.5406
1036.0	0.5439
1037.0	0.5472
1038.0	0.5507
1039.0	0.5542
1040.0	0.5578
1041.0	0.5616
1042.0	0.5655
1043.0	0.5694
1044.0	0.5734
1045.0	0.5776
1046.0	0.5818
1047.0	0.5862
1048.0	0.5908
1049.0	0.5955
1050.0	0.6003
1051.0	0.6052
1052.0	0.6102
1053.0	0.6153
1054.0	0.6206
1055.0	0.6258
1056.0	0.6312
1057.0	0.6367
1058.0	0.6421
1059.0	0.6476
1060.0	0.6531
1061.0	0.6585
1062.0	0.664
1063.0	0.6695
1064.0	0.675
1065.0	0.6804
1066.0	0.6859
1067.0	0.6913
1068.0	0.6966
1069.0	0.7019
1070.0	0.7073
1071.0	0.7126
1072.0	0.7179
1073.0	0.7231
1074.0	0.7284
1075.0	0.7337
1076.0	0.739
1077.0	0.7442
1078.0	0.7494
1079.0	0.7546
1080.0	0.7598
1081.0	0.765
1082.0	0.7703
1083.0	0.7756
1084.0	0.7809
1085.0	0.7862
1086.0	0.7916
1087.0	0.7969
1088.0	0.8023
1089.0	0.8077
1090.0	0.8132
1091.0	0.8187
1092.0	0.8243
1093.0	0.83
1094.0	0.8356
1095.0	0.8413
1096.0	0.8471
1097.0	0.8528
1098.0	0.8587
1099.0	0.8646
1100.0	0.8706
1101.0	0.8766
1102.0	0.8826
1103.0	0.8887
1104.0	0.8948
1105.0	0.9009
1106.0	0.9071
1107.0	0.9133
1108.0	0.9195
1109.0	0.9257
1110.0	0.9319
1111.0	0.9381
1112.0	0.9443
1113.0	0.9504
1114.0	0.9565
1115.0	0.9626
1116.0	0.9686
1117.0	0.9746
1118.0	0.9805
1119.0	0.9862
1120.0	0.992
1121.0	0.9975
1122.0	1.0029
1123.0	1.0083
1124.0	1.0135
1125.0	1.0185
1126.0	1.0233
1127.0	1.0279
1128.0	1.0322
1129.0	1.0364
1130.0	1.0403
1131.0	1.0439
1132.0	1.0472
1133.0	1.0503
1134.0	1.0531
1135.0	1.0556
1136.0	1.0579
1137.0	1.0599
1138.0	1.0617
1139.0	1.0632
1140.0	1.0644
1141.0	1.0656
1142.0	1.0665
1143.0	1.0675
1144.0	1.0683
1145.0	1.0693
1146.0	1.0701
1147.0	1.0712
1148.0	1.0723
1149.0	1.0737
1150.0	1.0751
1151.0	1.0768
1152.0	1.0788
1153.0	1.081
1154.0	1.0834
1155.0	1.0859
1156.0	1.0887
1157.0	1.0916
1158.0	1.0946
1159.0	1.0977
1160.0	1.101
1161.0	1.1044
1162.0	1.1077
1163.0	1.1112
1164.0	1.1145
1165.0	1.1179
1166.0	1.1212
1167.0	1.1244
1168.0	1.1276
1169.0	1.1308
1170.0	1.1338
1171.0	1.1367
1172.0	1.1395
1173.0	1.1421
1174.0	1.1447
1175.0	1.147
1176.0	1.1493
1177.0	1.1514
1178.0	1.1534
1179.0	1.1553
1180.0	1.157
1181.0	1.1586
1182.0	1.1601
1183.0	1.1615
1184.0	1.1628
1185.0	1.164
1186.0	1.1651
1187.0	1.1661
1188.0	1.1671
1189.0	1.1681
1190.0	1.169
1191.0	1.1698
1192.0	1.1707
1193.0	1.1715
1194.0	1.1724
1195.0	1.1732
1196.0	1.1739
1197.0	1.1746
1198.0	1.1753
1199.0	1.1759
1200.0	1.1765
1201.0	1.1771
1202.0	1.1777
1203.0	1.1782
1204.0	1.1787
1205.0	1.1792
1206.0	1.1797
1207.0	1.1801
1208.0	1.1805
1209.0	1.1808
1210.0	1.1812
1211.0	1.1815
1212.0	1.1819
1213.0	1.1822
1214.0	1.1825
1215.0	1.1828
1216.0	1.1831
1217.0	1.1834
1218.0	1.1836
1219.0	1.1839
1220.0	1.1842
1221.0	1.1844
1222.0	1.1846
1223.0	1.1848
1224.0	1.1849
1225.0	1.1851
1226.0	1.1852
1227.0	1.1852
1228.0	1.1853
1229.0	1.1853
1230.0	1.1852
1231.0	1.1852
1232.0	1.185
1233.0	1.1849
1234.0	1.1847
1235.0	1.1845
1236.0	1.1842
1237.0	1.1839
1238.0	1.1836
1239.0	1.1833
1240.0	1.1829
1241.0	1.1825
1242.0	1.1821
1243.0	1.1817
1244.0	1.1812
1245.0	1.1808
1246.0	1.1802
1247.0	1.1796
1248.0	1.179
1249.0	1.1784
1250.0	1.1777
1251.0	1.1769
1252.0	1.1761
1253.0	1.1752
1254.0	1.1742
1255.0	1.1732
1256.0	1.1722
1257.0	1.1711
1258.0	1.17
1259.0	1.1688
1260.0	1.1676
1261.0	1.1662
1262.0	1.1647
1263.0	1.1632
1264.0	1.1616
1265.0	1.1599
1266.0	1.1581
1267.0	1.1562
1268.0	1.1541
1269.0	1.1519
1270.0	1.1495
1271.0	1.1469
1272.0	1.1441
1273.0	1.1411
1274.0	1.1379
1275.0	1.1345
1276.0	1.1309
1277.0	1.127
1278.0	1.123
1279.0	1.119
1280.0	1.1147
1281.0	1.1105
1282.0	1.1063
1283.0	1.102
1284.0	1.0978
1285.0	1.0936
1286.0	1.0895
1287.0	1.0854
1288.0	1.0816
1289.0	1.0778
1290.0	1.0742
1291.0	1.0709
1292.0	1.0677
1293.0	1.0648
1294.0	1.062
1295.0	1.0595
1296.0	1.0573
1297.0	1.0553
1298.0	1.0537
1299.0	1.0523
1300.0	1.0513
1301.0	1.0505
1302.0	1.0499
1303.0	1.0496
1304.0	1.0496
1305.0	1.0499
1306.0	1.0503
1307.0	1.0509
1308.0	1.0518
1309.0	1.0527
1310.0	1.0537
1311.0	1.0549
1312.0	1.0562
1313.0	1.0576
1314.0	1.0591
1315.0	1.0607
1316.0	1.0624
1317.0	1.0641
1318.0	1.0659
1319.0	1.0678
1320.0	1.0697
1321.0	1.0716
1322.0	1.0736
1323.0	1.0756
1324.0	1.0776
1325.0	1.0796
1326.0	1.0817
1327.0	1.0838
1328.0	1.0859
1329.0	1.0879
1330.0	1.09
1331.0	1.092
1332.0	1.0941
1333.0	1.0961
1334.0	1.0981
1335.0	1.1002
1336.0	1.1022
1337.0	1.1042
1338.0	1.1062
1339.0	1.108
1340.0	1.1098
1341.0	1.1114
1342.0	1.113
1343.0	1.1145
1344.0	1.1159
1345.0	1.1171
1346.0	1.1182
1347.0	1.1191
1348.0	1.1199
1349.0	1.1206
1350.0	1.1211
1351.0	1.1214
1352.0	1.1216
1353.0	1.1216
1354.0	1.1216
1355.0	1.1215
1356.0	1.1214
1357.0	1.1212
1358.0	1.121
1359.0	1.1207
1360.0	1.1203
1361.0	1.1199
1362.0	1.1194
1363.0	1.1188
1364.0	1.1177
1365.0	1.1165
1366.0	1.1147
1367.0	1.1123
1368.0	1.1092
1369.0	1.1051
1370.0	1.1
1371.0	1.0938
1372.0	1.0862
1373.0	1.0775
1374.0	1.0673
1375.0	1.0557
1376.0	1.043
1377.0	1.0287
1378.0	1.0133
1379.0	0.9969
1380.0	0.9796
1381.0	0.9617
1382.0	0.9432
1383.0	0.9238
1384.0	0.904
1385.0	0.8833
1386.0	0.8619
1387.0	0.8404
1388.0	0.8183
1389.0	0.7963
1390.0	0.7739
1391.0	0.7512
1392.0	0.7287
1393.0	0.7062
1394.0	0.6833
1395.0	0.6615
1396.0	0.6403
1397.0	0.6195
1398.0	0.5998
1399.0	0.5809
1400.0	0.5627
1401.0	0.5456
1402.0	0.5291
1403.0	0.5137
1404.0	0.4994
1405.0	0.4859
1406.0	0.4736
1407.0	0.4622
1408.0	0.4516
1409.0	0.4419
1410.0	0.4329
1411.0	0.4247
1412.0	0.4174
1413.0	0.4106
1414.0	0.4045
1415.0	0.3991
1416.0	0.3942
1417.0	0.3898
1418.0	0.3858
1419.0	0.3822
1420.0	0.3791
1421.0	0.3763
1422.0	0.3739
1423.0	0.3718
1424.0	0.3699
1425.0	0.3683
1426.0	0.367
1427.0	0.3659
1428.0	0.365
1429.0	0.3642
1430.0	0.3637
1431.0	0.3634
1432.0	0.3631
1433.0	0.3631
1434.0	0.3631
1435.0	0.3633
1436.0	0.3635
1437.0	0.3639
1438.0	0.3644
1439.0	0.3649
1440.0	0.3655
1441.0	0.3662
1442.0	0.3668
1443.0	0.3676
1444.0	0.3684
1445.0	0.3692
1446.0	0.3699
1447.0	0.3707
1448.0	0.3716
1449.0	0.3724
1450.0	0.3732
1451.0	0.374
1452.0	0.3749
1453.0	0.3759
1454.0	0.3768
1455.0	0.3779
1456.0	0.379
1457.0	0.3802
1458.0	0.3815
1459.0	0.3831
1460.0	0.3847
1461.0	0.3865
1462.0	0.3884
1463.0	0.3905
1464.0	0.3928
1465.0	0.3952
1466.0	0.3978
1467.0	0.4006
1468.0	0.4037
1469.0	0.4068
1470.0	0.4101
1471.0	0.4136
1472.0	0.4172
1473.0	0.4209
1474.0	0.4247
1475.0	0.4286
1476.0	0.4327
1477.0	0.4368
1478.0	0.441
1479.0	0.4452
1480.0	0.4495
1481.0	0.4538
1482.0	0.4581
1483.0	0.4625
1484.0	0.467
1485.0	0.4716
1486.0	0.4761
1487.0	0.4807
1488.0	0.4852
1489.0	0.4898
1490.0	0.4944
1491.0	0.4989
1492.0	0.5037
1493.0	0.5084
1494.0	0.513
1495.0	0.5177
1496.0	0.5223
1497.0	0.5269
1498.0	0.5316
1499.0	0.5363
1500.0	0.541
1501.0	0.5457
1502.0	0.5503
1503.0	0.555
1504.0	0.5595
1505.0	0.5641
1506.0	0.5687
1507.0	0.5732
1508.0	0.5778
1509.0	0.5824
1510.0	0.5869
1511.0	0.5913
1512.0	0.5957
1513.0	0.6
1514.0	0.6044
1515.0	0.6086
1516.0	0.613
1517.0	0.6173
1518.0	0.6214
1519.0	0.6256
1520.0	0.6297
1521.0	0.6338
1522.0	0.6379
1523.0	0.6419
1524.0	0.6458
1525.0	0.6498
1526.0	0.6536
1527.0	0.6573
1528.0	0.6611
1529.0	0.6647
1530.0	0.6684
1531.0	0.672
1532.0	0.6757
1533.0	0.6792
1534.0	0.6827
1535.0	0.6861
1536.0	0.6895
1537.0	0.6928
1538.0	0.6961
1539.0	0.6993
1540.0	0.7025
1541.0	0.7057
1542.0	0.7088
1543.0	0.7118
1544.0	0.7148
1545.0	0.7177
1546.0	0.7206
1547.0	0.7234
1548.0	0.7262
1549.0	0.7289
1550.0	0.7317
1551.0	0.7343
1552.0	0.7369
1553.0	0.7394
1554.0	0.7419
1555.0	0.7444
1556.0	0.7468
1557.0	0.7491
1558.0	0.7514
1559.0	0.7536
1560.0	0.7558
1561.0	0.7579
1562.0	0.76
1563.0	0.762
1564.0	0.7641
1565.0	0.7661
1566.0	0.7681
1567.0	0.77
1568.0	0.7718
1569.0	0.7736
1570.0	0.7753
1571.0	0.7771
1572.0	0.7788
1573.0	0.7804
1574.0	0.782
1575.0	0.7836
1576.0	0.7851
1577.0	0.7866
1578.0	0.788
1579.0	0.7895
1580.0	0.7908
1581.0	0.7922
1582.0	0.7936
1583.0	0.7948
1584.0	0.7961
1585.0	0.7972
1586.0	0.7984
1587.0	0.7995
1588.0	0.8006
1589.0	0.8017
1590.0	0.8027
1591.0	0.8037
1592.0	0.8046
1593.0	0.8055
1594.0	0.8063
1595.0	0.8071
1596.0	0.8079
1597.0	0.8087
1598.0	0.8094
1599.0	0.81
1600.0	0.8107
1601.0	0.8113
1602.0	0.8118
1603.0	0.8124
1604.0	0.8128
1605.0	0.8133
1606.0	0.8137
1607.0	0.814
1608.0	0.8144
1609.0	0.8147
1610.0	0.8149
1611.0	0.8151
1612.0	0.8153
1613.0	0.8154
1614.0	0.8155
1615.0	0.8156
1616.0	0.8156
1617.0	0.8155
1618.0	0.8155
1619.0	0.8154
1620.0	0.8152
1621.0	0.8151
1622.0	0.8148
1623.0	0.8146
1624.0	0.8143
1625.0	0.8139
1626.0	0.8135
1627.0	0.8131
1628.0	0.8126
1629.0	0.8121
1630.0	0.8116
1631.0	0.811
1632.0	0.8104
1633.0	0.8098
1634.0	0.8091
1635.0	0.8083
1636.0	0.8075
1637.0	0.8066
1638.0	0.8057
1639.0	0.8048
1640.0	0.8037
1641.0	0.8027
1642.0	0.8015
1643.0	0.8003
1644.0	0.799
1645.0	0.7975
1646.0	0.796
1647.0	0.7944
1648.0	0.7927
1649.0	0.791
1650.0	0.7891
1651.0	0.7871
1652.0	0.7851
1653.0	0.783
1654.0	0.7808
1655.0	0.7785
1656.0	0.7762
1657.0	0.7739
1658.0	0.7714
1659.0	0.7691
1660.0	0.7667
1661.0	0.7644
1662.0	0.7621
1663.0	0.7599
1664.0	0.7578
1665.0	0.7559
1666.0	0.754
1667.0	0.7523
1668.0	0.7506
1669.0	0.7491
1670.0	0.7476
1671.0	0.7462
1672.0	0.7448
1673.0	0.7434
1674.0	0.742
1675.0	0.7405
1676.0	0.739
1677.0	0.7374
1678.0	0.7357
1679.0	0.7339
1680.0	0.732
1681.0	0.73
1682.0	0.7278
1683.0	0.7256
1684.0	0.7234
1685.0	0.7211
1686.0	0.7188
1687.0	0.7165
1688.0	0.7141
1689.0	0.7117
1690.0	0.7093
1691.0	0.7068
1692.0	0.7044
1693.0	0.7019
1694.0	0.6994
1695.0	0.6968
1696.0	0.6941
1697.0	0.6915
1698.0	0.6887
1699.0	0.686
1700.0	0.6832
1701.0	0.6804
1702.0	0.6775
1703.0	0.6747
1704.0	0.6718
1705.0	0.6689
1706.0	0.666
1707.0	0.6631
1708.0	0.6601
1709.0	0.6571
1710.0	0.6542
1711.0	0.6512
1712.0	0.6482
1713.0	0.6451
1714.0	0.642
1715.0	0.6389
1716.0	0.6358
1717.0	0.6327
1718.0	0.6296
1719.0	0.6264
1720.0	0.6231
1721.0	0.6199
1722.0	0.6166
1723.0	0.6134
1724.0	0.6101
1725.0	0.6068
1726.0	0.6036
1727.0	0.6004
1728.0	0.5972
1729.0	0.594
1730.0	0.5909
1731.0	0.5877
1732.0	0.5846
1733.0	0.5814
1734.0	0.5782
1735.0	0.5751
1736.0	0.5718
1737.0	0.5687
1738.0	0.5654
1739.0	0.562
1740.0	0.5587
1741.0	0.5553
1742.0	0.552
1743.0	0.5485
1744.0	0.5451
1745.0	0.5416
1746.0	0.5381
1747.0	0.5346
1748.0	0.5311
1749.0	0.5275
1750.0	0.524
1751.0	0.5205
1752.0	0.517
1753.0	0.5135
1754.0	0.51
1755.0	0.5065
1756.0	0.5031
1757.0	0.4998
1758.0	0.4965
1759.0	0.4932
1760.0	0.4898
1761.0	0.4866
1762.0	0.4834
1763.0	0.4802
1764.0	0.4772
1765.0	0.4742
1766.0	0.4712
1767.0	0.4683
1768.0	0.4653
1769.0	0.4624
1770.0	0.4596
1771.0	0.4568
1772.0	0.4541
1773.0	0.4513
1774.0	0.4486
1775.0	0.4459
1776.0	0.4433
1777.0	0.4406
1778.0	0.4381
1779.0	0.4355
1780.0	0.4328
1781.0	0.4303
1782.0	0.4277
1783.0	0.4251
1784.0	0.4227
1785.0	0.4202
1786.0	0.4178
1787.0	0.4153
1788.0	0.4129
1789.0	0.4105
1790.0	0.408
1791.0	0.4055
1792.0	0.4031
1793.0	0.4006
1794.0	0.3982
1795.0	0.3958
1796.0	0.3934
1797.0	0.391
1798.0	0.3885
1799.0	0.3859
1800.0	0.3834
1801.0	0.3808
1802.0	0.3783
1803.0	0.3758
1804.0	0.3732
1805.0	0.3706
1806.0	0.3679
1807.0	0.3652
1808.0	0.3625
1809.0	0.3597
1810.0	0.3569
1811.0	0.354
1812.0	0.351
1813.0	0.348
1814.0	0.3448
1815.0	0.3417
1816.0	0.3384
1817.0	0.3351
1818.0	0.3317
1819.0	0.3282
1820.0	0.3247
1821.0	0.321
1822.0	0.3172
1823.0	0.3132
1824.0	0.309
1825.0	0.3046
1826.0	0.3
1827.0	0.2952
1828.0	0.2901
1829.0	0.2847
1830.0	0.2789
1831.0	0.6321
1832.0	0.6332
1833.0	0.6341
1834.0	0.6349
1835.0	0.6355
1836.0	0.636
1837.0	0.6362
1838.0	0.6364
1839.0	0.6366
1840.0	0.6365
1841.0	0.6363
1842.0	0.6358
1843.0	0.6348
1844.0	0.6336
1845.0	0.6319
1846.0	0.6299
1847.0	0.6274
1848.0	0.6244
1849.0	0.6209
1850.0	0.6167
1851.0	0.612
1852.0	0.6067
1853.0	0.601
1854.0	0.5947
1855.0	0.5879
1856.0	0.5803
1857.0	0.5722
1858.0	0.5632
1859.0	0.5534
1860.0	0.543
1861.0	0.5317
1862.0	0.52
1863.0	0.5074
1864.0	0.494
1865.0	0.4802
1866.0	0.4659
1867.0	0.4507
1868.0	0.4353
1869.0	0.4199
1870.0	0.4041
1871.0	0.3886
1872.0	0.373
1873.0	0.3572
1874.0	0.3417
1875.0	0.326
1876.0	0.3105
1877.0	0.295
1878.0	0.28
1879.0	0.2649
1880.0	0.2503
1881.0	0.2361
1882.0	0.2221
1883.0	0.2089
1884.0	0.1958
1885.0	0.1833
1886.0	0.1716
1887.0	0.1606
1888.0	0.1501
1889.0	0.1406
1890.0	0.1318
1891.0	0.1235
1892.0	0.1161
1893.0	0.1092
1894.0	0.1029
1895.0	0.0974
1896.0	0.0924
1897.0	0.0879
1898.0	0.0839
1899.0	0.0803
1900.0	0.0771
1901.0	0.0744
1902.0	0.0719
1903.0	0.0699
1904.0	0.0683
1905.0	0.0667
1906.0	0.0655
1907.0	0.0645
1908.0	0.0635
1909.0	0.0627
1910.0	0.0621
1911.0	0.0615
1912.0	0.061
1913.0	0.0607
1914.0	0.0604
1915.0	0.0602
1916.0	0.0601
1917.0	0.06
1918.0	0.06
1919.0	0.06
1920.0	0.0602
1921.0	0.0604
1922.0	0.0605
1923.0	0.0607
1924.0	0.0609
1925.0	0.0611
1926.0	0.0613
1927.0	0.0617
1928.0	0.062
1929.0	0.0624
1930.0	0.0628
1931.0	0.0632
1932.0	0.0636
1933.0	0.0642
1934.0	0.0647
1935.0	0.0652
1936.0	0.0658
1937.0	0.0664
1938.0	0.0671
1939.0	0.0678
1940.0	0.0684
1941.0	0.0691
1942.0	0.0699
1943.0	0.0707
1944.0	0.0715
1945.0	0.0723
1946.0	0.0732
1947.0	0.0741
1948.0	0.075
1949.0	0.0759
1950.0	0.0768
1951.0	0.0777
1952.0	0.0788
1953.0	0.0799
1954.0	0.081
1955.0	0.082
1956.0	0.0832
1957.0	0.0843
1958.0	0.0855
1959.0	0.0867
1960.0	0.088
1961.0	0.0892
1962.0	0.0904
1963.0	0.0917
1964.0	0.0931
1965.0	0.0944
1966.0	0.0958
1967.0	0.0972
1968.0	0.0986
1969.0	0.1
1970.0	0.1014
1971.0	0.103
1972.0	0.1045
1973.0	0.106
1974.0	0.1075
1975.0	0.109
1976.0	0.1107
1977.0	0.1124
1978.0	0.1142
1979.0	0.1159
1980.0	0.1176
1981.0	0.1193
1982.0	0.121
1983.0	0.1227
1984.0	0.1244
1985.0	0.1261
1986.0	0.1279
1987.0	0.1298
1988.0	0.1317
1989.0	0.1336
1990.0	0.1354
1991.0	0.1373
1992.0	0.1392
1993.0	0.1411
1994.0	0.143
1995.0	0.145
1996.0	0.1469
1997.0	0.1489
1998.0	0.1509
1999.0	0.1529
2000.0	0.1549
2001.0	0.157
2002.0	0.1589
2003.0	0.1609
2004.0	0.1629
2005.0	0.1648
2006.0	0.1668
2007.0	0.169
2008.0	0.171
2009.0	0.173
2010.0	0.1751
2011.0	0.177
2012.0	0.179
2013.0	0.181
2014.0	0.1832
2015.0	0.1853
2016.0	0.1873
2017.0	0.1892
2018.0	0.1912
2019.0	0.1932
2020.0	0.195
2021.0	0.197
2022.0	0.199
2023.0	0.201
2024.0	0.2031
2025.0	0.205
2026.0	0.2068
2027.0	0.2085
2028.0	0.2103
2029.0	0.2121
2030.0	0.2139
2031.0	0.2157
2032.0	0.2176
2033.0	0.2193
2034.0	0.2211
2035.0	0.2229
2036.0	0.2247
2037.0	0.2263
2038.0	0.228
2039.0	0.2297
2040.0	0.2314
2041.0	0.2332
2042.0	0.235
2043.0	0.2367
2044.0	0.2384
2045.0	0.24
2046.0	0.2416
2047.0	0.2432
2048.0	0.2447
2049.0	0.2463
2050.0	0.2479
2051.0	0.2495
2052.0	0.251
2053.0	0.2526
2054.0	0.2541
2055.0	0.2557
2056.0	0.2572
2057.0	0.2587
2058.0	0.2603
2059.0	0.2619
2060.0	0.2635
2061.0	0.265
2062.0	0.2665
2063.0	0.2681
2064.0	0.2697
2065.0	0.2712
2066.0	0.2727
2067.0	0.2743
2068.0	0.2758
2069.0	0.2773
2070.0	0.2788
2071.0	0.2803
2072.0	0.2818
2073.0	0.2832
2074.0	0.2848
2075.0	0.2863
2076.0	0.2879
2077.0	0.2894
2078.0	0.2909
2079.0	0.2924
2080.0	0.2938
2081.0	0.2951
2082.0	0.2964
2083.0	0.2978
2084.0	0.2991
2085.0	0.3005
2086.0	0.3017
2087.0	0.3031
2088.0	0.3044
2089.0	0.3058
2090.0	0.3071
2091.0	0.3084
2092.0	0.3098
2093.0	0.3111
2094.0	0.3123
2095.0	0.3136
2096.0	0.3149
2097.0	0.3161
2098.0	0.3174
2099.0	0.3188
2100.0	0.32
2101.0	0.3211
2102.0	0.3223
2103.0	0.3235
2104.0	0.3246
2105.0	0.3258
2106.0	0.327
2107.0	0.3283
2108.0	0.3294
2109.0	0.3306
2110.0	0.3316
2111.0	0.3328
2112.0	0.3339
2113.0	0.335
2114.0	0.3362
2115.0	0.3373
2116.0	0.3384
2117.0	0.3395
2118.0	0.3406
2119.0	0.3417
2120.0	0.3428
2121.0	0.3439
2122.0	0.3449
2123.0	0.3458
2124.0	0.3467
2125.0	0.3477
2126.0	0.3485
2127.0	0.3496
2128.0	0.3505
2129.0	0.3514
2130.0	0.3523
2131.0	0.3532
2132.0	0.354
2133.0	0.3548
2134.0	0.3555
2135.0	0.3563
2136.0	0.3569
2137.0	0.3575
2138.0	0.3581
2139.0	0.3587
2140.0	0.3594
2141.0	0.3602
2142.0	0.3608
2143.0	0.3613
2144.0	0.3619
2145.0	0.3623
2146.0	0.3627
2147.0	0.3631
2148.0	0.3635
2149.0	0.3639
2150.0	0.3642
2151.0	0.3645
2152.0	0.3648
2153.0	0.3651
2154.0	0.3653
2155.0	0.3656
2156.0	0.3658
2157.0	0.3659
2158.0	0.3662
2159.0	0.3663
2160.0	0.3662
2161.0	0.3662
2162.0	0.3663
2163.0	0.3662
2164.0	0.3663
2165.0	0.3662
2166.0	0.3662
2167.0	0.366
2168.0	0.366
2169.0	0.3658
2170.0	0.3657
2171.0	0.3656
2172.0	0.3654
2173.0	0.3653
2174.0	0.365
2175.0	0.3646
2176.0	0.3643
2177.0	0.3639
2178.0	0.3635
2179.0	0.3632
2180.0	0.3627
2181.0	0.3622
2182.0	0.3616
2183.0	0.361
2184.0	0.3605
2185.0	0.3599
2186.0	0.3592
2187.0	0.3586
2188.0	0.3578
2189.0	0.3569
2190.0	0.3561
2191.0	0.3551
2192.0	0.3543
2193.0	0.3535
2194.0	0.3527
2195.0	0.3519
2196.0	0.3511
2197.0	0.3503
2198.0	0.3493
2199.0	0.3483
2200.0	0.3473
2201.0	0.3462
2202.0	0.3453
2203.0	0.3443
2204.0	0.3434
2205.0	0.3424
2206.0	0.3416
2207.0	0.3406
2208.0	0.3396
2209.0	0.3386
2210.0	0.3375
2211.0	0.3365
2212.0	0.3356
2213.0	0.3346
2214.0	0.3336
2215.0	0.3326
2216.0	0.3315
2217.0	0.3305
2218.0	0.3295
2219.0	0.3284
2220.0	0.3272
2221.0	0.326
2222.0	0.3247
2223.0	0.3234
2224.0	0.3221
2225.0	0.3208
2226.0	0.3193
2227.0	0.3178
2228.0	0.3162
2229.0	0.3146
2230.0	0.313
2231.0	0.3114
2232.0	0.3097
2233.0	0.3081
2234.0	0.3065
2235.0	0.3048
2236.0	0.3031
2237.0	0.3013
2238.0	0.2994
2239.0	0.2974
2240.0	0.2955
2241.0	0.2935
2242.0	0.2916
2243.0	0.2898
2244.0	0.2879
2245.0	0.286
2246.0	0.2839
2247.0	0.2818
2248.0	0.2797
2249.0	0.2776
2250.0	0.2756
2251.0	0.2735
2252.0	0.2714
2253.0	0.2692
2254.0	0.267
2255.0	0.2647
2256.0	0.2625
2257.0	0.2602
2258.0	0.2579
2259.0	0.2557
2260.0	0.2534
2261.0	0.251
2262.0	0.2486
2263.0	0.2462
2264.0	0.2439
2265.0	0.2415
2266.0	0.2393
2267.0	0.2371
2268.0	0.2349
2269.0	0.2327
2270.0	0.2305
2271.0	0.2283
2272.0	0.2262
2273.0	0.2241
2274.0	0.222
2275.0	0.22
2276.0	0.218
2277.0	0.2159
2278.0	0.2139
2279.0	0.2118
2280.0	0.2098
2281.0	0.2078
2282.0	0.2058
2283.0	0.2038
2284.0	0.2018
2285.0	0.1998
2286.0	0.1979
2287.0	0.1958
2288.0	0.1939
2289.0	0.1919
2290.0	0.1898
2291.0	0.1878
2292.0	0.1858
2293.0	0.1837
2294.0	0.1816
2295.0	0.1794
2296.0	0.1773
2297.0	0.1753
2298.0	0.1731
2299.0	0.1711
2300.0	0.169
2301.0	0.167
2302.0	0.1651
2303.0	0.1632
2304.0	0.1614
2305.0	0.1596
2306.0	0.1579
2307.0	0.1562
2308.0	0.1544
2309.0	0.1527
2310.0	0.151
2311.0	0.1493
2312.0	0.1477
2313.0	0.1462
2314.0	0.1447
2315.0	0.1433
2316.0	0.1419
2317.0	0.1404
2318.0	0.1389
2319.0	0.1373
2320.0	0.1358
2321.0	0.1344
2322.0	0.133
2323.0	0.1316
2324.0	0.1301
2325.0	0.1286
2326.0	0.1272
2327.0	0.1257
2328.0	0.1241
2329.0	0.1226
2330.0	0.121
2331.0	0.1194
2332.0	0.1178
2333.0	0.1162
2334.0	0.1147
2335.0	0.1133
2336.0	0.1118
2337.0	0.1104
2338.0	0.109
2339.0	0.1074
2340.0	0.1059
2341.0	0.1043
2342.0	0.1029
2343.0	0.1014
2344.0	0.1
2345.0	0.0987
2346.0	0.0973
2347.0	0.0961
2348.0	0.0948
2349.0	0.0935
2350.0	0.0922
2351.0	0.0909
2352.0	0.0897
2353.0	0.0884
2354.0	0.0872
2355.0	0.0861
2356.0	0.085
2357.0	0.0839
2358.0	0.0828
2359.0	0.0816
2360.0	0.0804
2361.0	0.0793
2362.0	0.0781
2363.0	0.0771
2364.0	0.076
2365.0	0.0748
2366.0	0.0736
2367.0	0.0724
2368.0	0.0712
2369.0	0.0701
2370.0	0.0691
2371.0	0.0681
2372.0	0.0671
2373.0	0.066
2374.0	0.065
2375.0	0.064
2376.0	0.063
2377.0	0.062
2378.0	0.0611
2379.0	0.06
2380.0	0.0591
2381.0	0.0581
2382.0	0.0572
2383.0	0.0563
2384.0	0.0553
2385.0	0.0544
2386.0	0.0534
2387.0	0.0525
2388.0	0.0516
2389.0	0.0508
2390.0	0.0499
2391.0	0.0491
2392.0	0.0484
2393.0	0.0476
2394.0	0.0469
2395.0	0.0461
2396.0	0.0453
2397.0	0.0446
2398.0	0.0438
2399.0	0.043
2400.0	0.0422
2401.0	0.0414
2402.0	0.0407
2403.0	0.0401
2404.0	0.0394
2405.0	0.0385
2406.0	0.0377
2407.0	0.037
2408.0	0.0362
2409.0	0.0356
2410.0	0.0351
2411.0	0.0345
2412.0	0.0339
2413.0	0.0332
2414.0	0.0326
2415.0	0.032
2416.0	0.0314
2417.0	0.0308
2418.0	0.0302
2419.0	0.0296
2420.0	0.0291
2421.0	0.0286
2422.0	0.028
2423.0	0.0275
2424.0	0.027
2425.0	0.0265
2426.0	0.026
2427.0	0.0257
2428.0	0.0252
2429.0	0.0246
2430.0	0.0241
2431.0	0.0237
2432.0	0.0233
2433.0	0.0229
2434.0	0.0225
2435.0	0.0221
2436.0	0.0217
2437.0	0.0213
2438.0	0.0209
2439.0	0.0205
2440.0	0.0201
2441.0	0.0197
2442.0	0.0194
2443.0	0.019
2444.0	0.0187
2445.0	0.0183
2446.0	0.018
2447.0	0.0177
2448.0	0.0174
2449.0	0.017
2450.0	0.0166
2451.0	0.0162
2452.0	0.0159
2453.0	0.0156
2454.0	0.0153
2455.0	0.0151
2456.0	0.0149
2457.0	0.0147
2458.0	0.0144
2459.0	0.014
2460.0	0.0137
2461.0	0.0134
2462.0	0.0131
2463.0	0.0128
2464.0	0.0128
2465.0	0.0126
2466.0	0.0123
2467.0	0.0121
2468.0	0.0118
2469.0	0.0115
2470.0	0.0114
2471.0	0.0113
2472.0	0.011
2473.0	0.0107
2474.0	0.0104
2475.0	0.0102
2476.0	0.01
2477.0	0.0098
2478.0	0.0096
2479.0	0.0095
2480.0	0.0094
2481.0	0.0093
2482.0	0.0093
2483.0	0.0091
2484.0	0.0089
2485.0	0.0086
2486.0	0.0083
2487.0	0.0081
2488.0	0.0079
2489.0	0.0076
2490.0	0.0074
2491.0	0.0072
2492.0	0.0069
2493.0	0.0067
2494.0	0.0067
2495.0	0.0066
2496.0	0.0066
2497.0	0.0063
2498.0	0.0061
2499.0	0.0059
2500.0	0.0057
