Bands	Reflectance
350.0	0.001
351.0	0.001
352.0	0.001
353.0	0.001
354.0	0.001
355.0	0.001
356.0	0.0011
357.0	0.0012
358.0	0.0012
359.0	0.0011
360.0	0.0012
361.0	0.0014
362.0	0.0014
363.0	0.0014
364.0	0.0014
365.0	0.0014
366.0	0.0014
367.0	0.0015
368.0	0.0014
369.0	0.0014
370.0	0.0015
371.0	0.0016
372.0	0.0018
373.0	0.0018
374.0	0.0016
375.0	0.0016
376.0	0.0018
377.0	0.0018
378.0	0.0017
379.0	0.0017
380.0	0.0018
381.0	0.0019
382.0	0.0019
383.0	0.002
384.0	0.0019
385.0	0.0018
386.0	0.002
387.0	0.0021
388.0	0.0023
389.0	0.0023
390.0	0.0021
391.0	0.0022
392.0	0.0023
393.0	0.0024
394.0	0.0025
395.0	0.0025
396.0	0.0026
397.0	0.0028
398.0	0.0028
399.0	0.0029
400.0	0.0032
401.0	0.0034
402.0	0.0034
403.0	0.0035
404.0	0.0038
405.0	0.0039
406.0	0.0041
407.0	0.0042
408.0	0.0044
409.0	0.0046
410.0	0.0048
411.0	0.005
412.0	0.0054
413.0	0.0056
414.0	0.0058
415.0	0.006
416.0	0.0063
417.0	0.0066
418.0	0.0069
419.0	0.0072
420.0	0.0075
421.0	0.0077
422.0	0.008
423.0	0.0084
424.0	0.0088
425.0	0.0092
426.0	0.0094
427.0	0.0096
428.0	0.01
429.0	0.0105
430.0	0.0108
431.0	0.0111
432.0	0.0114
433.0	0.0116
434.0	0.012
435.0	0.0122
436.0	0.0125
437.0	0.0128
438.0	0.0131
439.0	0.0134
440.0	0.0138
441.0	0.0141
442.0	0.0144
443.0	0.0146
444.0	0.0148
445.0	0.0152
446.0	0.0154
447.0	0.0156
448.0	0.0159
449.0	0.0162
450.0	0.0166
451.0	0.0168
452.0	0.0169
453.0	0.0172
454.0	0.0174
455.0	0.0177
456.0	0.018
457.0	0.0183
458.0	0.0186
459.0	0.0187
460.0	0.0189
461.0	0.019
462.0	0.0192
463.0	0.0193
464.0	0.0196
465.0	0.0199
466.0	0.0201
467.0	0.02
468.0	0.0203
469.0	0.0207
470.0	0.0209
471.0	0.0211
472.0	0.0212
473.0	0.0214
474.0	0.0218
475.0	0.0221
476.0	0.0223
477.0	0.0226
478.0	0.0228
479.0	0.0231
480.0	0.0236
481.0	0.0239
482.0	0.0244
483.0	0.0248
484.0	0.0251
485.0	0.0255
486.0	0.026
487.0	0.0266
488.0	0.0272
489.0	0.0276
490.0	0.0283
491.0	0.0291
492.0	0.0297
493.0	0.0307
494.0	0.0315
495.0	0.0323
496.0	0.0333
497.0	0.0345
498.0	0.0358
499.0	0.0371
500.0	0.0385
501.0	0.0401
502.0	0.0418
503.0	0.0435
504.0	0.0454
505.0	0.0475
506.0	0.05
507.0	0.0526
508.0	0.0555
509.0	0.0584
510.0	0.0615
511.0	0.0652
512.0	0.0692
513.0	0.0733
514.0	0.0777
515.0	0.0824
516.0	0.0874
517.0	0.0927
518.0	0.0983
519.0	0.1042
520.0	0.1103
521.0	0.1167
522.0	0.1233
523.0	0.1302
524.0	0.1372
525.0	0.1438
526.0	0.1507
527.0	0.1578
528.0	0.165
529.0	0.1721
530.0	0.1792
531.0	0.1863
532.0	0.1935
533.0	0.2008
534.0	0.208
535.0	0.2149
536.0	0.2217
537.0	0.2284
538.0	0.235
539.0	0.2414
540.0	0.2473
541.0	0.253
542.0	0.2585
543.0	0.2635
544.0	0.268
545.0	0.272
546.0	0.2756
547.0	0.2791
548.0	0.2826
549.0	0.2859
550.0	0.2892
551.0	0.2926
552.0	0.296
553.0	0.2992
554.0	0.3022
555.0	0.3048
556.0	0.3068
557.0	0.3084
558.0	0.31
559.0	0.3107
560.0	0.3106
561.0	0.3097
562.0	0.3083
563.0	0.3064
564.0	0.3037
565.0	0.3
566.0	0.2963
567.0	0.2925
568.0	0.2885
569.0	0.2844
570.0	0.2801
571.0	0.2757
572.0	0.2712
573.0	0.2668
574.0	0.2625
575.0	0.2581
576.0	0.2538
577.0	0.25
578.0	0.2467
579.0	0.2439
580.0	0.2418
581.0	0.24
582.0	0.2385
583.0	0.2376
584.0	0.2369
585.0	0.2363
586.0	0.2358
587.0	0.2357
588.0	0.2354
589.0	0.2349
590.0	0.2345
591.0	0.2343
592.0	0.2342
593.0	0.2341
594.0	0.2341
595.0	0.2344
596.0	0.2347
597.0	0.235
598.0	0.2354
599.0	0.2357
600.0	0.2356
601.0	0.2354
602.0	0.2348
603.0	0.2338
604.0	0.2325
605.0	0.2309
606.0	0.2293
607.0	0.2277
608.0	0.2257
609.0	0.2237
610.0	0.2216
611.0	0.2195
612.0	0.2173
613.0	0.2152
614.0	0.213
615.0	0.2109
616.0	0.2089
617.0	0.2071
618.0	0.2054
619.0	0.2039
620.0	0.2025
621.0	0.2015
622.0	0.2009
623.0	0.2001
624.0	0.1996
625.0	0.1994
626.0	0.1992
627.0	0.1994
628.0	0.1996
629.0	0.1998
630.0	0.2003
631.0	0.2007
632.0	0.2009
633.0	0.2009
634.0	0.2008
635.0	0.2005
636.0	0.1998
637.0	0.1986
638.0	0.1971
639.0	0.1954
640.0	0.1934
641.0	0.1913
642.0	0.189
643.0	0.1866
644.0	0.1841
645.0	0.1813
646.0	0.1786
647.0	0.176
648.0	0.1735
649.0	0.1713
650.0	0.1695
651.0	0.168
652.0	0.1667
653.0	0.1654
654.0	0.1642
655.0	0.163
656.0	0.1616
657.0	0.1599
658.0	0.1579
659.0	0.1557
660.0	0.1533
661.0	0.1509
662.0	0.1483
663.0	0.146
664.0	0.1438
665.0	0.1418
666.0	0.1401
667.0	0.1387
668.0	0.1376
669.0	0.1368
670.0	0.1364
671.0	0.1363
672.0	0.1365
673.0	0.137
674.0	0.1377
675.0	0.1387
676.0	0.14
677.0	0.1415
678.0	0.1432
679.0	0.1453
680.0	0.148
681.0	0.1511
682.0	0.1549
683.0	0.1593
684.0	0.1647
685.0	0.1712
686.0	0.1793
687.0	0.189
688.0	0.2005
689.0	0.2144
690.0	0.2308
691.0	0.25
692.0	0.2724
693.0	0.2978
694.0	0.3264
695.0	0.3584
696.0	0.3935
697.0	0.4315
698.0	0.4723
699.0	0.5153
700.0	0.5602
701.0	0.6066
702.0	0.6541
703.0	0.7016
704.0	0.7495
705.0	0.7971
706.0	0.8441
707.0	0.8911
708.0	0.9372
709.0	0.9825
710.0	1.0276
711.0	1.0715
712.0	1.1148
713.0	1.1576
714.0	1.1996
715.0	1.2409
716.0	1.2813
717.0	1.3208
718.0	1.3597
719.0	1.3977
720.0	1.4349
721.0	1.4711
722.0	1.5063
723.0	1.5403
724.0	1.5731
725.0	1.6052
726.0	1.6359
727.0	1.6656
728.0	1.6946
729.0	1.7216
730.0	1.7477
731.0	1.773
732.0	1.7966
733.0	1.8196
734.0	1.8422
735.0	1.8639
736.0	1.8841
737.0	1.9031
738.0	1.9209
739.0	1.9376
740.0	1.9542
741.0	1.9695
742.0	1.984
743.0	1.9983
744.0	2.011
745.0	2.0231
746.0	2.0347
747.0	2.0448
748.0	2.055
749.0	2.0644
750.0	2.0725
751.0	2.0812
752.0	2.0887
753.0	2.0952
754.0	2.1016
755.0	2.1069
756.0	2.1115
757.0	2.1159
758.0	2.1202
759.0	2.1241
760.0	2.1274
761.0	2.1303
762.0	2.1326
763.0	2.1349
764.0	2.1368
765.0	2.1381
766.0	2.1396
767.0	2.1402
768.0	2.1402
769.0	2.1403
770.0	2.1398
771.0	2.1391
772.0	2.1384
773.0	2.1372
774.0	2.1357
775.0	2.1337
776.0	2.1312
777.0	2.1288
778.0	2.1263
779.0	2.1235
780.0	2.1203
781.0	2.1162
782.0	2.112
783.0	2.1079
784.0	2.1035
785.0	2.0989
786.0	2.0943
787.0	2.0897
788.0	2.0847
789.0	2.0795
790.0	2.074
791.0	2.0683
792.0	2.063
793.0	2.0574
794.0	2.0514
795.0	2.0451
796.0	2.0382
797.0	2.0313
798.0	2.0243
799.0	2.0169
800.0	2.0098
801.0	2.0027
802.0	1.9953
803.0	1.988
804.0	1.9805
805.0	1.9728
806.0	1.9646
807.0	1.9569
808.0	1.9486
809.0	1.9399
810.0	1.9315
811.0	1.9226
812.0	1.9137
813.0	1.905
814.0	1.8959
815.0	1.8873
816.0	1.8788
817.0	1.8699
818.0	1.8607
819.0	1.8512
820.0	1.8418
821.0	1.8327
822.0	1.8232
823.0	1.8135
824.0	1.8039
825.0	1.7949
826.0	1.7849
827.0	1.7751
828.0	1.7654
829.0	1.7556
830.0	1.7464
831.0	1.7371
832.0	1.7276
833.0	1.7186
834.0	1.7089
835.0	1.6995
836.0	1.6904
837.0	1.6803
838.0	1.6707
839.0	1.6611
840.0	1.6515
841.0	1.6423
842.0	1.6329
843.0	1.6235
844.0	1.6143
845.0	1.605
846.0	1.5959
847.0	1.5869
848.0	1.5777
849.0	1.5688
850.0	1.56
851.0	1.5514
852.0	1.5431
853.0	1.5343
854.0	1.5252
855.0	1.5163
856.0	1.5081
857.0	1.4992
858.0	1.4901
859.0	1.4811
860.0	1.472
861.0	1.4629
862.0	1.4538
863.0	1.4446
864.0	1.4353
865.0	1.4266
866.0	1.4176
867.0	1.4078
868.0	1.3987
869.0	1.3889
870.0	1.3792
871.0	1.3703
872.0	1.3608
873.0	1.3514
874.0	1.342
875.0	1.3321
876.0	1.323
877.0	1.3134
878.0	1.3032
879.0	1.2936
880.0	1.2839
881.0	1.2744
882.0	1.2649
883.0	1.2549
884.0	1.2453
885.0	1.2356
886.0	1.2259
887.0	1.217
888.0	1.2071
889.0	1.1972
890.0	1.1878
891.0	1.1783
892.0	1.1686
893.0	1.1591
894.0	1.1495
895.0	1.14
896.0	1.1303
897.0	1.1205
898.0	1.1105
899.0	1.1008
900.0	1.0912
901.0	1.0816
902.0	1.0718
903.0	1.0621
904.0	1.0525
905.0	1.0431
906.0	1.0335
907.0	1.0237
908.0	1.0138
909.0	1.0034
910.0	0.9926
911.0	0.9834
912.0	0.9746
913.0	0.9654
914.0	0.9555
915.0	0.9459
916.0	0.9366
917.0	0.9274
918.0	0.9177
919.0	0.9082
920.0	0.8984
921.0	0.8887
922.0	0.8794
923.0	0.8698
924.0	0.8604
925.0	0.851
926.0	0.8413
927.0	0.8317
928.0	0.8219
929.0	0.812
930.0	0.8024
931.0	0.7925
932.0	0.7827
933.0	0.7731
934.0	0.7634
935.0	0.7541
936.0	0.7448
937.0	0.7355
938.0	0.7262
939.0	0.7169
940.0	0.7077
941.0	0.6986
942.0	0.6892
943.0	0.6804
944.0	0.6713
945.0	0.6622
946.0	0.6533
947.0	0.6443
948.0	0.6354
949.0	0.6266
950.0	0.6179
951.0	0.6089
952.0	0.6
953.0	0.5913
954.0	0.5827
955.0	0.5742
956.0	0.5659
957.0	0.5578
958.0	0.5498
959.0	0.5419
960.0	0.5339
961.0	0.5264
962.0	0.5191
963.0	0.5115
964.0	0.5043
965.0	0.4972
966.0	0.4901
967.0	0.483
968.0	0.4759
969.0	0.4691
970.0	0.4623
971.0	0.4554
972.0	0.4487
973.0	0.4421
974.0	0.4355
975.0	0.4288
976.0	0.4223
977.0	0.416
978.0	0.4096
979.0	0.4033
980.0	0.3972
981.0	0.3911
982.0	0.385
983.0	0.379
984.0	0.3733
985.0	0.3673
986.0	0.3613
987.0	0.3554
988.0	0.3496
989.0	0.3439
990.0	0.3382
991.0	0.3325
992.0	0.3268
993.0	0.3212
994.0	0.3158
995.0	0.3104
996.0	0.3048
997.0	0.2991
998.0	0.2937
999.0	0.2884
1000.0	0.283
1001.0	0.4647
1002.0	0.4678
1003.0	0.4708
1004.0	0.4738
1005.0	0.4769
1006.0	0.4799
1007.0	0.4829
1008.0	0.486
1009.0	0.489
1010.0	0.492
1011.0	0.4951
1012.0	0.498
1013.0	0.501
1014.0	0.504
1015.0	0.5069
1016.0	0.5099
1017.0	0.5128
1018.0	0.5157
1019.0	0.5187
1020.0	0.5217
1021.0	0.5247
1022.0	0.5277
1023.0	0.5307
1024.0	0.5337
1025.0	0.5368
1026.0	0.5399
1027.0	0.5431
1028.0	0.5462
1029.0	0.5494
1030.0	0.5526
1031.0	0.5559
1032.0	0.5593
1033.0	0.5627
1034.0	0.5661
1035.0	0.5696
1036.0	0.5731
1037.0	0.5767
1038.0	0.5804
1039.0	0.5842
1040.0	0.5881
1041.0	0.592
1042.0	0.5961
1043.0	0.6003
1044.0	0.6046
1045.0	0.609
1046.0	0.6136
1047.0	0.6183
1048.0	0.6231
1049.0	0.6281
1050.0	0.6332
1051.0	0.6384
1052.0	0.6438
1053.0	0.6492
1054.0	0.6547
1055.0	0.6603
1056.0	0.6659
1057.0	0.6716
1058.0	0.6774
1059.0	0.6832
1060.0	0.6889
1061.0	0.6947
1062.0	0.7005
1063.0	0.7062
1064.0	0.7119
1065.0	0.7175
1066.0	0.7232
1067.0	0.7288
1068.0	0.7344
1069.0	0.74
1070.0	0.7455
1071.0	0.751
1072.0	0.7565
1073.0	0.7619
1074.0	0.7674
1075.0	0.7728
1076.0	0.7782
1077.0	0.7836
1078.0	0.7891
1079.0	0.7945
1080.0	0.7998
1081.0	0.8052
1082.0	0.8106
1083.0	0.816
1084.0	0.8215
1085.0	0.827
1086.0	0.8325
1087.0	0.838
1088.0	0.8436
1089.0	0.8492
1090.0	0.8548
1091.0	0.8605
1092.0	0.8663
1093.0	0.8721
1094.0	0.8779
1095.0	0.8839
1096.0	0.8898
1097.0	0.8958
1098.0	0.9019
1099.0	0.908
1100.0	0.9141
1101.0	0.9204
1102.0	0.9266
1103.0	0.9329
1104.0	0.9392
1105.0	0.9455
1106.0	0.9519
1107.0	0.9583
1108.0	0.9648
1109.0	0.9712
1110.0	0.9776
1111.0	0.984
1112.0	0.9904
1113.0	0.9968
1114.0	1.0031
1115.0	1.0093
1116.0	1.0156
1117.0	1.0217
1118.0	1.0278
1119.0	1.0338
1120.0	1.0397
1121.0	1.0454
1122.0	1.051
1123.0	1.0565
1124.0	1.0617
1125.0	1.0667
1126.0	1.0715
1127.0	1.0762
1128.0	1.0805
1129.0	1.0846
1130.0	1.0883
1131.0	1.0917
1132.0	1.0947
1133.0	1.0975
1134.0	1.1
1135.0	1.1021
1136.0	1.1039
1137.0	1.1055
1138.0	1.1067
1139.0	1.1078
1140.0	1.1085
1141.0	1.1092
1142.0	1.1096
1143.0	1.1101
1144.0	1.1103
1145.0	1.1108
1146.0	1.1111
1147.0	1.1116
1148.0	1.1123
1149.0	1.1132
1150.0	1.1143
1151.0	1.1156
1152.0	1.1172
1153.0	1.119
1154.0	1.1211
1155.0	1.1234
1156.0	1.1259
1157.0	1.1287
1158.0	1.1315
1159.0	1.1346
1160.0	1.1377
1161.0	1.1409
1162.0	1.1441
1163.0	1.1475
1164.0	1.1508
1165.0	1.1542
1166.0	1.1574
1167.0	1.1606
1168.0	1.1638
1169.0	1.1669
1170.0	1.1698
1171.0	1.1727
1172.0	1.1754
1173.0	1.1781
1174.0	1.1806
1175.0	1.183
1176.0	1.1852
1177.0	1.1873
1178.0	1.1892
1179.0	1.191
1180.0	1.1926
1181.0	1.1942
1182.0	1.1956
1183.0	1.1969
1184.0	1.1981
1185.0	1.1993
1186.0	1.2004
1187.0	1.2014
1188.0	1.2023
1189.0	1.2032
1190.0	1.204
1191.0	1.2049
1192.0	1.2057
1193.0	1.2065
1194.0	1.2072
1195.0	1.208
1196.0	1.2087
1197.0	1.2094
1198.0	1.2101
1199.0	1.2108
1200.0	1.2114
1201.0	1.2121
1202.0	1.2127
1203.0	1.2132
1204.0	1.2137
1205.0	1.2143
1206.0	1.2147
1207.0	1.2151
1208.0	1.2156
1209.0	1.216
1210.0	1.2163
1211.0	1.2167
1212.0	1.2171
1213.0	1.2174
1214.0	1.2178
1215.0	1.2182
1216.0	1.2185
1217.0	1.2189
1218.0	1.2192
1219.0	1.2195
1220.0	1.2198
1221.0	1.2201
1222.0	1.2204
1223.0	1.2207
1224.0	1.2209
1225.0	1.2212
1226.0	1.2214
1227.0	1.2215
1228.0	1.2216
1229.0	1.2217
1230.0	1.2217
1231.0	1.2216
1232.0	1.2216
1233.0	1.2215
1234.0	1.2215
1235.0	1.2213
1236.0	1.2211
1237.0	1.2209
1238.0	1.2207
1239.0	1.2204
1240.0	1.2201
1241.0	1.2198
1242.0	1.2194
1243.0	1.2191
1244.0	1.2187
1245.0	1.2183
1246.0	1.2178
1247.0	1.2173
1248.0	1.2167
1249.0	1.2161
1250.0	1.2155
1251.0	1.2148
1252.0	1.214
1253.0	1.2131
1254.0	1.2122
1255.0	1.2113
1256.0	1.2103
1257.0	1.2092
1258.0	1.208
1259.0	1.2068
1260.0	1.2055
1261.0	1.2041
1262.0	1.2026
1263.0	1.2011
1264.0	1.1994
1265.0	1.1977
1266.0	1.1959
1267.0	1.194
1268.0	1.1919
1269.0	1.1896
1270.0	1.1871
1271.0	1.1844
1272.0	1.1815
1273.0	1.1785
1274.0	1.1752
1275.0	1.1716
1276.0	1.1679
1277.0	1.1639
1278.0	1.1597
1279.0	1.1555
1280.0	1.1511
1281.0	1.1467
1282.0	1.1422
1283.0	1.1377
1284.0	1.1332
1285.0	1.1288
1286.0	1.1243
1287.0	1.12
1288.0	1.1159
1289.0	1.1118
1290.0	1.108
1291.0	1.1043
1292.0	1.1007
1293.0	1.0974
1294.0	1.0943
1295.0	1.0914
1296.0	1.0889
1297.0	1.0866
1298.0	1.0846
1299.0	1.0829
1300.0	1.0814
1301.0	1.0803
1302.0	1.0794
1303.0	1.0787
1304.0	1.0783
1305.0	1.0781
1306.0	1.0782
1307.0	1.0785
1308.0	1.0789
1309.0	1.0794
1310.0	1.0801
1311.0	1.0809
1312.0	1.0818
1313.0	1.0829
1314.0	1.084
1315.0	1.0852
1316.0	1.0865
1317.0	1.0879
1318.0	1.0893
1319.0	1.0908
1320.0	1.0923
1321.0	1.0939
1322.0	1.0955
1323.0	1.0971
1324.0	1.0988
1325.0	1.1005
1326.0	1.1022
1327.0	1.1039
1328.0	1.1057
1329.0	1.1075
1330.0	1.1092
1331.0	1.111
1332.0	1.1127
1333.0	1.1144
1334.0	1.1162
1335.0	1.1179
1336.0	1.1196
1337.0	1.1213
1338.0	1.123
1339.0	1.1246
1340.0	1.1262
1341.0	1.1276
1342.0	1.1291
1343.0	1.1304
1344.0	1.1315
1345.0	1.1326
1346.0	1.1335
1347.0	1.1343
1348.0	1.135
1349.0	1.1356
1350.0	1.1359
1351.0	1.1361
1352.0	1.1362
1353.0	1.1362
1354.0	1.136
1355.0	1.1359
1356.0	1.1357
1357.0	1.1354
1358.0	1.1352
1359.0	1.1348
1360.0	1.1344
1361.0	1.1339
1362.0	1.1332
1363.0	1.1326
1364.0	1.1314
1365.0	1.13
1366.0	1.1281
1367.0	1.1255
1368.0	1.1223
1369.0	1.118
1370.0	1.1128
1371.0	1.1064
1372.0	1.0987
1373.0	1.0898
1374.0	1.0794
1375.0	1.0676
1376.0	1.0547
1377.0	1.0403
1378.0	1.0248
1379.0	1.0084
1380.0	0.9909
1381.0	0.973
1382.0	0.9544
1383.0	0.9351
1384.0	0.9155
1385.0	0.8949
1386.0	0.8738
1387.0	0.8526
1388.0	0.8309
1389.0	0.8093
1390.0	0.7875
1391.0	0.7653
1392.0	0.7435
1393.0	0.7217
1394.0	0.6996
1395.0	0.6787
1396.0	0.6583
1397.0	0.6385
1398.0	0.6197
1399.0	0.6017
1400.0	0.5844
1401.0	0.5682
1402.0	0.5525
1403.0	0.538
1404.0	0.5245
1405.0	0.5118
1406.0	0.5001
1407.0	0.4894
1408.0	0.4794
1409.0	0.4703
1410.0	0.4617
1411.0	0.4539
1412.0	0.4469
1413.0	0.4404
1414.0	0.4346
1415.0	0.4294
1416.0	0.4245
1417.0	0.4202
1418.0	0.4162
1419.0	0.4126
1420.0	0.4094
1421.0	0.4065
1422.0	0.404
1423.0	0.4017
1424.0	0.3996
1425.0	0.3979
1426.0	0.3963
1427.0	0.3949
1428.0	0.3937
1429.0	0.3926
1430.0	0.3917
1431.0	0.391
1432.0	0.3904
1433.0	0.39
1434.0	0.3897
1435.0	0.3895
1436.0	0.3894
1437.0	0.3893
1438.0	0.3894
1439.0	0.3895
1440.0	0.3896
1441.0	0.3899
1442.0	0.3902
1443.0	0.3905
1444.0	0.3909
1445.0	0.3913
1446.0	0.3917
1447.0	0.3922
1448.0	0.3926
1449.0	0.3931
1450.0	0.3936
1451.0	0.3941
1452.0	0.3947
1453.0	0.3953
1454.0	0.396
1455.0	0.3967
1456.0	0.3975
1457.0	0.3985
1458.0	0.3994
1459.0	0.4006
1460.0	0.4019
1461.0	0.4033
1462.0	0.4048
1463.0	0.4065
1464.0	0.4083
1465.0	0.4103
1466.0	0.4125
1467.0	0.4148
1468.0	0.4174
1469.0	0.42
1470.0	0.4228
1471.0	0.4257
1472.0	0.4287
1473.0	0.4319
1474.0	0.4351
1475.0	0.4384
1476.0	0.4419
1477.0	0.4455
1478.0	0.449
1479.0	0.4527
1480.0	0.4564
1481.0	0.4602
1482.0	0.4641
1483.0	0.4679
1484.0	0.4719
1485.0	0.4759
1486.0	0.4799
1487.0	0.484
1488.0	0.488
1489.0	0.492
1490.0	0.4962
1491.0	0.5003
1492.0	0.5045
1493.0	0.5088
1494.0	0.513
1495.0	0.5172
1496.0	0.5214
1497.0	0.5256
1498.0	0.5299
1499.0	0.5341
1500.0	0.5384
1501.0	0.5427
1502.0	0.5469
1503.0	0.5511
1504.0	0.5553
1505.0	0.5595
1506.0	0.5637
1507.0	0.5679
1508.0	0.5721
1509.0	0.5763
1510.0	0.5805
1511.0	0.5846
1512.0	0.5887
1513.0	0.5928
1514.0	0.5968
1515.0	0.6008
1516.0	0.6049
1517.0	0.609
1518.0	0.613
1519.0	0.617
1520.0	0.6208
1521.0	0.6247
1522.0	0.6286
1523.0	0.6323
1524.0	0.6362
1525.0	0.6399
1526.0	0.6436
1527.0	0.6473
1528.0	0.651
1529.0	0.6545
1530.0	0.6581
1531.0	0.6616
1532.0	0.6651
1533.0	0.6686
1534.0	0.672
1535.0	0.6753
1536.0	0.6786
1537.0	0.6819
1538.0	0.6851
1539.0	0.6883
1540.0	0.6914
1541.0	0.6946
1542.0	0.6976
1543.0	0.7006
1544.0	0.7035
1545.0	0.7065
1546.0	0.7093
1547.0	0.7121
1548.0	0.7149
1549.0	0.7176
1550.0	0.7204
1551.0	0.723
1552.0	0.7257
1553.0	0.7282
1554.0	0.7307
1555.0	0.7332
1556.0	0.7356
1557.0	0.738
1558.0	0.7404
1559.0	0.7426
1560.0	0.7449
1561.0	0.747
1562.0	0.7492
1563.0	0.7512
1564.0	0.7533
1565.0	0.7553
1566.0	0.7573
1567.0	0.7592
1568.0	0.7612
1569.0	0.763
1570.0	0.7648
1571.0	0.7666
1572.0	0.7683
1573.0	0.7701
1574.0	0.7717
1575.0	0.7733
1576.0	0.775
1577.0	0.7765
1578.0	0.778
1579.0	0.7796
1580.0	0.781
1581.0	0.7824
1582.0	0.7838
1583.0	0.7851
1584.0	0.7865
1585.0	0.7877
1586.0	0.789
1587.0	0.7902
1588.0	0.7913
1589.0	0.7925
1590.0	0.7935
1591.0	0.7946
1592.0	0.7956
1593.0	0.7965
1594.0	0.7975
1595.0	0.7983
1596.0	0.7992
1597.0	0.8
1598.0	0.8008
1599.0	0.8015
1600.0	0.8022
1601.0	0.8029
1602.0	0.8036
1603.0	0.8042
1604.0	0.8048
1605.0	0.8053
1606.0	0.8058
1607.0	0.8062
1608.0	0.8067
1609.0	0.8071
1610.0	0.8074
1611.0	0.8077
1612.0	0.808
1613.0	0.8082
1614.0	0.8084
1615.0	0.8085
1616.0	0.8086
1617.0	0.8086
1618.0	0.8086
1619.0	0.8087
1620.0	0.8087
1621.0	0.8086
1622.0	0.8085
1623.0	0.8084
1624.0	0.8081
1625.0	0.8079
1626.0	0.8077
1627.0	0.8074
1628.0	0.807
1629.0	0.8066
1630.0	0.8062
1631.0	0.8057
1632.0	0.8052
1633.0	0.8047
1634.0	0.8041
1635.0	0.8034
1636.0	0.8027
1637.0	0.802
1638.0	0.8012
1639.0	0.8003
1640.0	0.7994
1641.0	0.7984
1642.0	0.7974
1643.0	0.7963
1644.0	0.7951
1645.0	0.7938
1646.0	0.7925
1647.0	0.7911
1648.0	0.7895
1649.0	0.788
1650.0	0.7863
1651.0	0.7845
1652.0	0.7827
1653.0	0.7808
1654.0	0.7789
1655.0	0.7769
1656.0	0.7748
1657.0	0.7727
1658.0	0.7705
1659.0	0.7683
1660.0	0.7662
1661.0	0.764
1662.0	0.7619
1663.0	0.7599
1664.0	0.7579
1665.0	0.7561
1666.0	0.7543
1667.0	0.7526
1668.0	0.751
1669.0	0.7494
1670.0	0.7479
1671.0	0.7465
1672.0	0.7451
1673.0	0.7436
1674.0	0.7422
1675.0	0.7407
1676.0	0.7392
1677.0	0.7376
1678.0	0.7359
1679.0	0.734
1680.0	0.7321
1681.0	0.7301
1682.0	0.7279
1683.0	0.7258
1684.0	0.7235
1685.0	0.7213
1686.0	0.7189
1687.0	0.7166
1688.0	0.7142
1689.0	0.7119
1690.0	0.7095
1691.0	0.7071
1692.0	0.7047
1693.0	0.7022
1694.0	0.6997
1695.0	0.6972
1696.0	0.6946
1697.0	0.6919
1698.0	0.6892
1699.0	0.6865
1700.0	0.6838
1701.0	0.6811
1702.0	0.6783
1703.0	0.6756
1704.0	0.6728
1705.0	0.6699
1706.0	0.6671
1707.0	0.6642
1708.0	0.6613
1709.0	0.6583
1710.0	0.6554
1711.0	0.6525
1712.0	0.6495
1713.0	0.6465
1714.0	0.6434
1715.0	0.6404
1716.0	0.6373
1717.0	0.6341
1718.0	0.631
1719.0	0.6278
1720.0	0.6246
1721.0	0.6214
1722.0	0.6182
1723.0	0.615
1724.0	0.6118
1725.0	0.6086
1726.0	0.6053
1727.0	0.6022
1728.0	0.599
1729.0	0.5958
1730.0	0.5927
1731.0	0.5896
1732.0	0.5864
1733.0	0.5833
1734.0	0.5802
1735.0	0.5771
1736.0	0.5739
1737.0	0.5708
1738.0	0.5675
1739.0	0.5642
1740.0	0.5609
1741.0	0.5576
1742.0	0.5542
1743.0	0.5509
1744.0	0.5475
1745.0	0.544
1746.0	0.5405
1747.0	0.5369
1748.0	0.5334
1749.0	0.5299
1750.0	0.5265
1751.0	0.523
1752.0	0.5195
1753.0	0.5161
1754.0	0.5126
1755.0	0.5091
1756.0	0.5057
1757.0	0.5023
1758.0	0.499
1759.0	0.4956
1760.0	0.4923
1761.0	0.489
1762.0	0.4858
1763.0	0.4826
1764.0	0.4795
1765.0	0.4765
1766.0	0.4735
1767.0	0.4706
1768.0	0.4676
1769.0	0.4648
1770.0	0.462
1771.0	0.4592
1772.0	0.4564
1773.0	0.4537
1774.0	0.451
1775.0	0.4483
1776.0	0.4457
1777.0	0.4431
1778.0	0.4405
1779.0	0.4379
1780.0	0.4353
1781.0	0.4328
1782.0	0.4303
1783.0	0.4278
1784.0	0.4254
1785.0	0.423
1786.0	0.4206
1787.0	0.4182
1788.0	0.4158
1789.0	0.4134
1790.0	0.4111
1791.0	0.4087
1792.0	0.4063
1793.0	0.4039
1794.0	0.4015
1795.0	0.3991
1796.0	0.3967
1797.0	0.3943
1798.0	0.3918
1799.0	0.3893
1800.0	0.3868
1801.0	0.3843
1802.0	0.3818
1803.0	0.3793
1804.0	0.3768
1805.0	0.3742
1806.0	0.3715
1807.0	0.3689
1808.0	0.3662
1809.0	0.3634
1810.0	0.3605
1811.0	0.3576
1812.0	0.3547
1813.0	0.3516
1814.0	0.3485
1815.0	0.3454
1816.0	0.3422
1817.0	0.3389
1818.0	0.3355
1819.0	0.332
1820.0	0.3284
1821.0	0.3247
1822.0	0.3209
1823.0	0.317
1824.0	0.3128
1825.0	0.3084
1826.0	0.3038
1827.0	0.2989
1828.0	0.2939
1829.0	0.2884
1830.0	0.2826
1831.0	0.6373
1832.0	0.6385
1833.0	0.6396
1834.0	0.6406
1835.0	0.6414
1836.0	0.6421
1837.0	0.6426
1838.0	0.6431
1839.0	0.6434
1840.0	0.6434
1841.0	0.6433
1842.0	0.6429
1843.0	0.6421
1844.0	0.6411
1845.0	0.6396
1846.0	0.6378
1847.0	0.6355
1848.0	0.6328
1849.0	0.6297
1850.0	0.6258
1851.0	0.6216
1852.0	0.6168
1853.0	0.6115
1854.0	0.6056
1855.0	0.5992
1856.0	0.5922
1857.0	0.5845
1858.0	0.5761
1859.0	0.567
1860.0	0.5573
1861.0	0.5468
1862.0	0.5358
1863.0	0.524
1864.0	0.5116
1865.0	0.4988
1866.0	0.4854
1867.0	0.4714
1868.0	0.4572
1869.0	0.4428
1870.0	0.4283
1871.0	0.414
1872.0	0.3996
1873.0	0.3852
1874.0	0.3711
1875.0	0.3569
1876.0	0.3429
1877.0	0.329
1878.0	0.3155
1879.0	0.3019
1880.0	0.2888
1881.0	0.276
1882.0	0.2634
1883.0	0.2514
1884.0	0.2397
1885.0	0.2286
1886.0	0.2182
1887.0	0.2085
1888.0	0.1992
1889.0	0.1907
1890.0	0.1828
1891.0	0.1756
1892.0	0.169
1893.0	0.1629
1894.0	0.1575
1895.0	0.1526
1896.0	0.1482
1897.0	0.1442
1898.0	0.1409
1899.0	0.138
1900.0	0.1354
1901.0	0.1333
1902.0	0.1313
1903.0	0.1295
1904.0	0.1281
1905.0	0.1269
1906.0	0.1259
1907.0	0.1251
1908.0	0.1244
1909.0	0.1239
1910.0	0.1235
1911.0	0.1231
1912.0	0.1228
1913.0	0.1225
1914.0	0.1223
1915.0	0.1221
1916.0	0.122
1917.0	0.1219
1918.0	0.1219
1919.0	0.1219
1920.0	0.1221
1921.0	0.1223
1922.0	0.1224
1923.0	0.1225
1924.0	0.1229
1925.0	0.1231
1926.0	0.1235
1927.0	0.124
1928.0	0.1244
1929.0	0.1249
1930.0	0.1253
1931.0	0.1257
1932.0	0.1261
1933.0	0.1265
1934.0	0.1269
1935.0	0.1272
1936.0	0.1277
1937.0	0.1283
1938.0	0.1289
1939.0	0.1296
1940.0	0.1302
1941.0	0.1307
1942.0	0.1313
1943.0	0.1319
1944.0	0.1325
1945.0	0.1332
1946.0	0.1339
1947.0	0.1347
1948.0	0.1354
1949.0	0.1361
1950.0	0.1368
1951.0	0.1375
1952.0	0.1384
1953.0	0.1392
1954.0	0.1401
1955.0	0.141
1956.0	0.1419
1957.0	0.1427
1958.0	0.1436
1959.0	0.1445
1960.0	0.1454
1961.0	0.1464
1962.0	0.1475
1963.0	0.1486
1964.0	0.1498
1965.0	0.1509
1966.0	0.1521
1967.0	0.1532
1968.0	0.1545
1969.0	0.1556
1970.0	0.1568
1971.0	0.1579
1972.0	0.159
1973.0	0.1601
1974.0	0.1613
1975.0	0.1625
1976.0	0.1637
1977.0	0.165
1978.0	0.1662
1979.0	0.1675
1980.0	0.1688
1981.0	0.1702
1982.0	0.1716
1983.0	0.173
1984.0	0.1744
1985.0	0.1758
1986.0	0.1772
1987.0	0.1788
1988.0	0.1804
1989.0	0.182
1990.0	0.1836
1991.0	0.1852
1992.0	0.1866
1993.0	0.1881
1994.0	0.1897
1995.0	0.1912
1996.0	0.1927
1997.0	0.1943
1998.0	0.1958
1999.0	0.1974
2000.0	0.1991
2001.0	0.2007
2002.0	0.2023
2003.0	0.2039
2004.0	0.2056
2005.0	0.2073
2006.0	0.209
2007.0	0.2106
2008.0	0.2124
2009.0	0.2142
2010.0	0.2159
2011.0	0.2176
2012.0	0.2194
2013.0	0.2208
2014.0	0.2223
2015.0	0.2238
2016.0	0.2254
2017.0	0.2271
2018.0	0.2288
2019.0	0.2305
2020.0	0.2321
2021.0	0.2337
2022.0	0.2352
2023.0	0.2369
2024.0	0.2385
2025.0	0.2402
2026.0	0.2418
2027.0	0.2434
2028.0	0.245
2029.0	0.2465
2030.0	0.2481
2031.0	0.2497
2032.0	0.2513
2033.0	0.2529
2034.0	0.2544
2035.0	0.2559
2036.0	0.2574
2037.0	0.2589
2038.0	0.2604
2039.0	0.2619
2040.0	0.2634
2041.0	0.2649
2042.0	0.2664
2043.0	0.2679
2044.0	0.2692
2045.0	0.2706
2046.0	0.2719
2047.0	0.2733
2048.0	0.2748
2049.0	0.2763
2050.0	0.2778
2051.0	0.2792
2052.0	0.2807
2053.0	0.2821
2054.0	0.2833
2055.0	0.2847
2056.0	0.2859
2057.0	0.2874
2058.0	0.2889
2059.0	0.2903
2060.0	0.2918
2061.0	0.2931
2062.0	0.2944
2063.0	0.2958
2064.0	0.2972
2065.0	0.2985
2066.0	0.2999
2067.0	0.3012
2068.0	0.3026
2069.0	0.304
2070.0	0.3053
2071.0	0.3066
2072.0	0.308
2073.0	0.3094
2074.0	0.3107
2075.0	0.312
2076.0	0.3132
2077.0	0.3143
2078.0	0.3156
2079.0	0.3168
2080.0	0.3181
2081.0	0.3194
2082.0	0.3207
2083.0	0.3219
2084.0	0.3232
2085.0	0.3245
2086.0	0.3257
2087.0	0.3268
2088.0	0.328
2089.0	0.3291
2090.0	0.3303
2091.0	0.3314
2092.0	0.3327
2093.0	0.334
2094.0	0.3353
2095.0	0.3366
2096.0	0.3377
2097.0	0.3386
2098.0	0.3397
2099.0	0.3406
2100.0	0.3417
2101.0	0.343
2102.0	0.3442
2103.0	0.3454
2104.0	0.3464
2105.0	0.3474
2106.0	0.3483
2107.0	0.3493
2108.0	0.3503
2109.0	0.3514
2110.0	0.3525
2111.0	0.3535
2112.0	0.3546
2113.0	0.3557
2114.0	0.3567
2115.0	0.3577
2116.0	0.3588
2117.0	0.3598
2118.0	0.3608
2119.0	0.3617
2120.0	0.3627
2121.0	0.3636
2122.0	0.3644
2123.0	0.3653
2124.0	0.3661
2125.0	0.3669
2126.0	0.3678
2127.0	0.3687
2128.0	0.3696
2129.0	0.3704
2130.0	0.3711
2131.0	0.3719
2132.0	0.3727
2133.0	0.3734
2134.0	0.3741
2135.0	0.3748
2136.0	0.3754
2137.0	0.376
2138.0	0.3766
2139.0	0.3772
2140.0	0.3779
2141.0	0.3785
2142.0	0.379
2143.0	0.3796
2144.0	0.3801
2145.0	0.3805
2146.0	0.381
2147.0	0.3813
2148.0	0.3815
2149.0	0.3819
2150.0	0.3822
2151.0	0.3825
2152.0	0.3828
2153.0	0.3829
2154.0	0.3831
2155.0	0.3832
2156.0	0.3833
2157.0	0.3833
2158.0	0.3833
2159.0	0.3833
2160.0	0.3833
2161.0	0.3833
2162.0	0.3833
2163.0	0.3832
2164.0	0.3832
2165.0	0.3831
2166.0	0.383
2167.0	0.3829
2168.0	0.3827
2169.0	0.3826
2170.0	0.3825
2171.0	0.3825
2172.0	0.3823
2173.0	0.382
2174.0	0.3817
2175.0	0.3813
2176.0	0.3809
2177.0	0.3805
2178.0	0.3801
2179.0	0.3795
2180.0	0.3789
2181.0	0.3783
2182.0	0.3777
2183.0	0.377
2184.0	0.3764
2185.0	0.3758
2186.0	0.3752
2187.0	0.3746
2188.0	0.3738
2189.0	0.373
2190.0	0.3721
2191.0	0.3712
2192.0	0.3703
2193.0	0.3694
2194.0	0.3685
2195.0	0.3676
2196.0	0.3666
2197.0	0.3656
2198.0	0.3647
2199.0	0.3637
2200.0	0.3628
2201.0	0.3618
2202.0	0.3609
2203.0	0.36
2204.0	0.359
2205.0	0.358
2206.0	0.3568
2207.0	0.3558
2208.0	0.3547
2209.0	0.3536
2210.0	0.3527
2211.0	0.3518
2212.0	0.3509
2213.0	0.3499
2214.0	0.3489
2215.0	0.3478
2216.0	0.3467
2217.0	0.3457
2218.0	0.3446
2219.0	0.3436
2220.0	0.3426
2221.0	0.3414
2222.0	0.3402
2223.0	0.339
2224.0	0.3377
2225.0	0.3364
2226.0	0.3349
2227.0	0.3334
2228.0	0.3319
2229.0	0.3302
2230.0	0.3287
2231.0	0.3273
2232.0	0.3257
2233.0	0.3241
2234.0	0.3224
2235.0	0.3206
2236.0	0.3188
2237.0	0.3171
2238.0	0.3152
2239.0	0.3133
2240.0	0.3114
2241.0	0.3095
2242.0	0.3076
2243.0	0.3058
2244.0	0.3039
2245.0	0.3019
2246.0	0.3
2247.0	0.2981
2248.0	0.2962
2249.0	0.2941
2250.0	0.292
2251.0	0.2899
2252.0	0.2879
2253.0	0.2859
2254.0	0.2838
2255.0	0.2817
2256.0	0.2796
2257.0	0.2773
2258.0	0.2751
2259.0	0.2727
2260.0	0.2704
2261.0	0.2681
2262.0	0.2659
2263.0	0.2637
2264.0	0.2616
2265.0	0.2594
2266.0	0.2572
2267.0	0.255
2268.0	0.2527
2269.0	0.2505
2270.0	0.2484
2271.0	0.2462
2272.0	0.2442
2273.0	0.2421
2274.0	0.24
2275.0	0.238
2276.0	0.236
2277.0	0.2341
2278.0	0.2321
2279.0	0.2302
2280.0	0.2281
2281.0	0.2262
2282.0	0.2242
2283.0	0.2223
2284.0	0.2204
2285.0	0.2186
2286.0	0.2167
2287.0	0.2148
2288.0	0.2128
2289.0	0.2107
2290.0	0.2085
2291.0	0.2063
2292.0	0.204
2293.0	0.2018
2294.0	0.1998
2295.0	0.1978
2296.0	0.1957
2297.0	0.1938
2298.0	0.1917
2299.0	0.1896
2300.0	0.1876
2301.0	0.1856
2302.0	0.1836
2303.0	0.1817
2304.0	0.1798
2305.0	0.178
2306.0	0.1762
2307.0	0.1745
2308.0	0.1727
2309.0	0.1709
2310.0	0.1692
2311.0	0.1675
2312.0	0.1659
2313.0	0.1644
2314.0	0.163
2315.0	0.1616
2316.0	0.1602
2317.0	0.1586
2318.0	0.1571
2319.0	0.1555
2320.0	0.154
2321.0	0.1524
2322.0	0.1509
2323.0	0.1493
2324.0	0.1478
2325.0	0.1462
2326.0	0.1446
2327.0	0.1432
2328.0	0.1417
2329.0	0.1402
2330.0	0.1386
2331.0	0.137
2332.0	0.1354
2333.0	0.1338
2334.0	0.1322
2335.0	0.1306
2336.0	0.129
2337.0	0.1275
2338.0	0.1259
2339.0	0.1244
2340.0	0.123
2341.0	0.1215
2342.0	0.1199
2343.0	0.1184
2344.0	0.1169
2345.0	0.1155
2346.0	0.1141
2347.0	0.1128
2348.0	0.1115
2349.0	0.1102
2350.0	0.1089
2351.0	0.1075
2352.0	0.1061
2353.0	0.1049
2354.0	0.1037
2355.0	0.1025
2356.0	0.1013
2357.0	0.1001
2358.0	0.0989
2359.0	0.0976
2360.0	0.0963
2361.0	0.095
2362.0	0.0938
2363.0	0.0926
2364.0	0.0914
2365.0	0.0902
2366.0	0.089
2367.0	0.0879
2368.0	0.0868
2369.0	0.0857
2370.0	0.0846
2371.0	0.0835
2372.0	0.0824
2373.0	0.0813
2374.0	0.0802
2375.0	0.0791
2376.0	0.078
2377.0	0.0769
2378.0	0.0758
2379.0	0.0749
2380.0	0.074
2381.0	0.0729
2382.0	0.0718
2383.0	0.0707
2384.0	0.0697
2385.0	0.0688
2386.0	0.0679
2387.0	0.0669
2388.0	0.0659
2389.0	0.0649
2390.0	0.064
2391.0	0.0632
2392.0	0.0624
2393.0	0.0616
2394.0	0.0608
2395.0	0.0599
2396.0	0.059
2397.0	0.058
2398.0	0.0571
2399.0	0.0563
2400.0	0.0555
2401.0	0.0547
2402.0	0.054
2403.0	0.0532
2404.0	0.0524
2405.0	0.0516
2406.0	0.0507
2407.0	0.05
2408.0	0.0493
2409.0	0.0485
2410.0	0.0478
2411.0	0.047
2412.0	0.0462
2413.0	0.0455
2414.0	0.0448
2415.0	0.0442
2416.0	0.0435
2417.0	0.0429
2418.0	0.0423
2419.0	0.0416
2420.0	0.041
2421.0	0.0404
2422.0	0.04
2423.0	0.0395
2424.0	0.0389
2425.0	0.0383
2426.0	0.0376
2427.0	0.037
2428.0	0.0365
2429.0	0.0359
2430.0	0.0353
2431.0	0.0348
2432.0	0.0343
2433.0	0.0338
2434.0	0.0334
2435.0	0.0329
2436.0	0.0325
2437.0	0.0321
2438.0	0.0316
2439.0	0.0312
2440.0	0.0306
2441.0	0.0302
2442.0	0.0298
2443.0	0.0294
2444.0	0.029
2445.0	0.0286
2446.0	0.0282
2447.0	0.0278
2448.0	0.0273
2449.0	0.0268
2450.0	0.0263
2451.0	0.0259
2452.0	0.0256
2453.0	0.0254
2454.0	0.025
2455.0	0.0247
2456.0	0.0244
2457.0	0.0241
2458.0	0.0238
2459.0	0.0235
2460.0	0.0231
2461.0	0.0227
2462.0	0.0223
2463.0	0.022
2464.0	0.0217
2465.0	0.0214
2466.0	0.0211
2467.0	0.0208
2468.0	0.0204
2469.0	0.0202
2470.0	0.02
2471.0	0.0197
2472.0	0.0195
2473.0	0.0191
2474.0	0.0187
2475.0	0.0184
2476.0	0.0181
2477.0	0.0179
2478.0	0.0179
2479.0	0.0176
2480.0	0.0173
2481.0	0.0169
2482.0	0.0165
2483.0	0.0161
2484.0	0.0158
2485.0	0.0155
2486.0	0.0154
2487.0	0.0152
2488.0	0.0149
2489.0	0.0146
2490.0	0.0142
2491.0	0.014
2492.0	0.0137
2493.0	0.0134
2494.0	0.0132
2495.0	0.0128
2496.0	0.0124
2497.0	0.012
2498.0	0.0118
2499.0	0.0115
2500.0	0.0112
