Bands	Reflectance
350.0	0.0011
351.0	0.0011
352.0	0.001
353.0	0.0011
354.0	0.0011
355.0	0.0011
356.0	0.0013
357.0	0.0013
358.0	0.0013
359.0	0.0014
360.0	0.0014
361.0	0.0015
362.0	0.0015
363.0	0.0016
364.0	0.0016
365.0	0.0015
366.0	0.0015
367.0	0.0017
368.0	0.0017
369.0	0.0017
370.0	0.0017
371.0	0.0017
372.0	0.0017
373.0	0.0018
374.0	0.0019
375.0	0.002
376.0	0.0021
377.0	0.0021
378.0	0.002
379.0	0.002
380.0	0.002
381.0	0.002
382.0	0.0021
383.0	0.0023
384.0	0.0023
385.0	0.0022
386.0	0.0023
387.0	0.0023
388.0	0.0024
389.0	0.0024
390.0	0.0026
391.0	0.0028
392.0	0.0028
393.0	0.0027
394.0	0.0027
395.0	0.0029
396.0	0.0031
397.0	0.0034
398.0	0.0034
399.0	0.0034
400.0	0.0035
401.0	0.0037
402.0	0.0037
403.0	0.0039
404.0	0.0042
405.0	0.0042
406.0	0.0042
407.0	0.0043
408.0	0.0046
409.0	0.0049
410.0	0.0051
411.0	0.0053
412.0	0.0056
413.0	0.0058
414.0	0.006
415.0	0.0062
416.0	0.0064
417.0	0.0067
418.0	0.007
419.0	0.0073
420.0	0.0075
421.0	0.0077
422.0	0.0081
423.0	0.0085
424.0	0.0089
425.0	0.0091
426.0	0.0094
427.0	0.0096
428.0	0.0099
429.0	0.0102
430.0	0.0105
431.0	0.0107
432.0	0.011
433.0	0.0114
434.0	0.0117
435.0	0.0119
436.0	0.0121
437.0	0.0125
438.0	0.0128
439.0	0.013
440.0	0.0131
441.0	0.0134
442.0	0.0136
443.0	0.0139
444.0	0.0141
445.0	0.0143
446.0	0.0144
447.0	0.0146
448.0	0.0149
449.0	0.0151
450.0	0.0152
451.0	0.0154
452.0	0.0156
453.0	0.0159
454.0	0.0161
455.0	0.0162
456.0	0.0163
457.0	0.0164
458.0	0.0165
459.0	0.0167
460.0	0.0169
461.0	0.017
462.0	0.0172
463.0	0.0173
464.0	0.0174
465.0	0.0175
466.0	0.0177
467.0	0.018
468.0	0.0181
469.0	0.0183
470.0	0.0184
471.0	0.0186
472.0	0.0188
473.0	0.019
474.0	0.0191
475.0	0.0194
476.0	0.0197
477.0	0.0199
478.0	0.02
479.0	0.0203
480.0	0.0206
481.0	0.0207
482.0	0.0211
483.0	0.0214
484.0	0.0217
485.0	0.0221
486.0	0.0225
487.0	0.0227
488.0	0.023
489.0	0.0237
490.0	0.024
491.0	0.0244
492.0	0.0251
493.0	0.0257
494.0	0.0261
495.0	0.0267
496.0	0.0274
497.0	0.0281
498.0	0.0288
499.0	0.0295
500.0	0.0305
501.0	0.0314
502.0	0.0323
503.0	0.0335
504.0	0.0346
505.0	0.0358
506.0	0.0372
507.0	0.0388
508.0	0.0404
509.0	0.0421
510.0	0.0439
511.0	0.0462
512.0	0.0485
513.0	0.0508
514.0	0.0533
515.0	0.0562
516.0	0.0593
517.0	0.0625
518.0	0.066
519.0	0.0695
520.0	0.0733
521.0	0.0773
522.0	0.0814
523.0	0.0857
524.0	0.0899
525.0	0.0942
526.0	0.0987
527.0	0.1032
528.0	0.1078
529.0	0.1126
530.0	0.1173
531.0	0.1221
532.0	0.1269
533.0	0.1317
534.0	0.1366
535.0	0.1414
536.0	0.146
537.0	0.1504
538.0	0.1548
539.0	0.159
540.0	0.1628
541.0	0.1667
542.0	0.1704
543.0	0.1737
544.0	0.1766
545.0	0.1793
546.0	0.1817
547.0	0.1838
548.0	0.1861
549.0	0.1885
550.0	0.1907
551.0	0.1932
552.0	0.1958
553.0	0.1983
554.0	0.2006
555.0	0.2022
556.0	0.2034
557.0	0.2046
558.0	0.2055
559.0	0.206
560.0	0.2059
561.0	0.2054
562.0	0.2048
563.0	0.2037
564.0	0.202
565.0	0.1996
566.0	0.1971
567.0	0.1946
568.0	0.1922
569.0	0.1896
570.0	0.1871
571.0	0.1845
572.0	0.1819
573.0	0.1793
574.0	0.1765
575.0	0.1736
576.0	0.1705
577.0	0.1677
578.0	0.1654
579.0	0.1637
580.0	0.1624
581.0	0.1612
582.0	0.1604
583.0	0.1602
584.0	0.1598
585.0	0.1592
586.0	0.1588
587.0	0.1583
588.0	0.1578
589.0	0.1572
590.0	0.1567
591.0	0.1562
592.0	0.1558
593.0	0.1555
594.0	0.1554
595.0	0.1555
596.0	0.1557
597.0	0.1558
598.0	0.156
599.0	0.1562
600.0	0.1562
601.0	0.1562
602.0	0.1558
603.0	0.1552
604.0	0.1543
605.0	0.1533
606.0	0.1523
607.0	0.1512
608.0	0.15
609.0	0.1486
610.0	0.1473
611.0	0.1459
612.0	0.1445
613.0	0.1432
614.0	0.142
615.0	0.1406
616.0	0.1393
617.0	0.1381
618.0	0.137
619.0	0.1362
620.0	0.1355
621.0	0.1349
622.0	0.1344
623.0	0.134
624.0	0.1336
625.0	0.1333
626.0	0.1335
627.0	0.1336
628.0	0.1336
629.0	0.1337
630.0	0.1339
631.0	0.1341
632.0	0.1341
633.0	0.1339
634.0	0.1339
635.0	0.1336
636.0	0.1329
637.0	0.132
638.0	0.1309
639.0	0.1296
640.0	0.1282
641.0	0.1266
642.0	0.125
643.0	0.1235
644.0	0.122
645.0	0.1203
646.0	0.1189
647.0	0.1177
648.0	0.1164
649.0	0.1154
650.0	0.1147
651.0	0.1141
652.0	0.1138
653.0	0.1136
654.0	0.1134
655.0	0.113
656.0	0.1127
657.0	0.1122
658.0	0.1117
659.0	0.1113
660.0	0.1108
661.0	0.1102
662.0	0.1096
663.0	0.1092
664.0	0.1088
665.0	0.1085
666.0	0.1085
667.0	0.1084
668.0	0.1085
669.0	0.1089
670.0	0.1094
671.0	0.11
672.0	0.1108
673.0	0.1119
674.0	0.1129
675.0	0.114
676.0	0.1154
677.0	0.1168
678.0	0.1184
679.0	0.1201
680.0	0.1221
681.0	0.124
682.0	0.1263
683.0	0.129
684.0	0.1317
685.0	0.1351
686.0	0.1393
687.0	0.1442
688.0	0.1501
689.0	0.1575
690.0	0.1665
691.0	0.1775
692.0	0.1912
693.0	0.2076
694.0	0.2267
695.0	0.249
696.0	0.2746
697.0	0.3031
698.0	0.3344
699.0	0.3687
700.0	0.4053
701.0	0.4441
702.0	0.4843
703.0	0.5252
704.0	0.5668
705.0	0.6087
706.0	0.6506
707.0	0.6925
708.0	0.7337
709.0	0.7743
710.0	0.8146
711.0	0.854
712.0	0.8927
713.0	0.9306
714.0	0.9675
715.0	1.0037
716.0	1.0389
717.0	1.0729
718.0	1.1062
719.0	1.1385
720.0	1.1699
721.0	1.2
722.0	1.229
723.0	1.2568
724.0	1.2835
725.0	1.3097
726.0	1.3344
727.0	1.358
728.0	1.3808
729.0	1.402
730.0	1.4225
731.0	1.442
732.0	1.4601
733.0	1.4781
734.0	1.4956
735.0	1.5122
736.0	1.5277
737.0	1.5422
738.0	1.5558
739.0	1.5687
740.0	1.5813
741.0	1.5931
742.0	1.6042
743.0	1.6154
744.0	1.6253
745.0	1.6348
746.0	1.644
747.0	1.652
748.0	1.6598
749.0	1.6671
750.0	1.6735
751.0	1.6803
752.0	1.6864
753.0	1.692
754.0	1.6973
755.0	1.7018
756.0	1.7058
757.0	1.7097
758.0	1.7131
759.0	1.7165
760.0	1.7195
761.0	1.7219
762.0	1.724
763.0	1.7262
764.0	1.728
765.0	1.7292
766.0	1.7304
767.0	1.7313
768.0	1.7318
769.0	1.7321
770.0	1.7319
771.0	1.7317
772.0	1.7316
773.0	1.7308
774.0	1.7298
775.0	1.7284
776.0	1.7268
777.0	1.7249
778.0	1.7232
779.0	1.7213
780.0	1.7189
781.0	1.7158
782.0	1.7125
783.0	1.7093
784.0	1.7061
785.0	1.7025
786.0	1.6988
787.0	1.6953
788.0	1.6912
789.0	1.687
790.0	1.6828
791.0	1.6782
792.0	1.674
793.0	1.6694
794.0	1.6646
795.0	1.6597
796.0	1.6539
797.0	1.6483
798.0	1.6428
799.0	1.6369
800.0	1.6311
801.0	1.6251
802.0	1.6188
803.0	1.6131
804.0	1.607
805.0	1.6006
806.0	1.5942
807.0	1.5879
808.0	1.5812
809.0	1.5741
810.0	1.5671
811.0	1.5598
812.0	1.5527
813.0	1.5456
814.0	1.538
815.0	1.531
816.0	1.5242
817.0	1.5171
818.0	1.5095
819.0	1.5018
820.0	1.4943
821.0	1.4868
822.0	1.4789
823.0	1.4711
824.0	1.4636
825.0	1.4563
826.0	1.4483
827.0	1.4405
828.0	1.4329
829.0	1.425
830.0	1.4177
831.0	1.4102
832.0	1.4024
833.0	1.3954
834.0	1.3875
835.0	1.3798
836.0	1.3727
837.0	1.3646
838.0	1.3569
839.0	1.3495
840.0	1.342
841.0	1.335
842.0	1.3275
843.0	1.3199
844.0	1.3128
845.0	1.3054
846.0	1.2983
847.0	1.2912
848.0	1.2841
849.0	1.2772
850.0	1.2704
851.0	1.2636
852.0	1.2569
853.0	1.25
854.0	1.243
855.0	1.2361
856.0	1.2295
857.0	1.2225
858.0	1.2156
859.0	1.2087
860.0	1.2014
861.0	1.1943
862.0	1.1872
863.0	1.1799
864.0	1.1727
865.0	1.1658
866.0	1.1587
867.0	1.1511
868.0	1.1435
869.0	1.1358
870.0	1.1283
871.0	1.1213
872.0	1.1138
873.0	1.1063
874.0	1.0987
875.0	1.0911
876.0	1.0838
877.0	1.0759
878.0	1.0679
879.0	1.0605
880.0	1.0525
881.0	1.0447
882.0	1.0371
883.0	1.0292
884.0	1.0215
885.0	1.0137
886.0	1.006
887.0	0.9987
888.0	0.991
889.0	0.9831
890.0	0.9753
891.0	0.9675
892.0	0.96
893.0	0.9524
894.0	0.9447
895.0	0.9369
896.0	0.9289
897.0	0.9208
898.0	0.9128
899.0	0.9049
900.0	0.897
901.0	0.8891
902.0	0.8811
903.0	0.8733
904.0	0.8655
905.0	0.8577
906.0	0.8498
907.0	0.8422
908.0	0.8341
909.0	0.8255
910.0	0.8169
911.0	0.8094
912.0	0.8023
913.0	0.7949
914.0	0.7868
915.0	0.7787
916.0	0.771
917.0	0.7634
918.0	0.7557
919.0	0.7481
920.0	0.7401
921.0	0.7321
922.0	0.7245
923.0	0.7166
924.0	0.7089
925.0	0.7012
926.0	0.6934
927.0	0.6855
928.0	0.6775
929.0	0.6695
930.0	0.6617
931.0	0.6536
932.0	0.6455
933.0	0.6377
934.0	0.6298
935.0	0.6221
936.0	0.6144
937.0	0.6067
938.0	0.5991
939.0	0.5916
940.0	0.584
941.0	0.5764
942.0	0.5691
943.0	0.5619
944.0	0.5546
945.0	0.5472
946.0	0.5398
947.0	0.5325
948.0	0.5253
949.0	0.5181
950.0	0.5109
951.0	0.5037
952.0	0.4967
953.0	0.4895
954.0	0.4822
955.0	0.4754
956.0	0.4687
957.0	0.462
958.0	0.4554
959.0	0.449
960.0	0.4426
961.0	0.4363
962.0	0.4302
963.0	0.4241
964.0	0.4181
965.0	0.4122
966.0	0.4065
967.0	0.4006
968.0	0.395
969.0	0.3894
970.0	0.3838
971.0	0.3783
972.0	0.3728
973.0	0.3673
974.0	0.3618
975.0	0.3564
976.0	0.3512
977.0	0.346
978.0	0.3408
979.0	0.3357
980.0	0.3306
981.0	0.3256
982.0	0.3206
983.0	0.3155
984.0	0.3106
985.0	0.3059
986.0	0.3011
987.0	0.2964
988.0	0.2915
989.0	0.2868
990.0	0.2821
991.0	0.2773
992.0	0.2726
993.0	0.2681
994.0	0.2634
995.0	0.2588
996.0	0.2542
997.0	0.2496
998.0	0.245
999.0	0.2407
1000.0	0.2363
1001.0	0.3906
1002.0	0.3932
1003.0	0.3958
1004.0	0.3984
1005.0	0.4009
1006.0	0.4035
1007.0	0.4061
1008.0	0.4087
1009.0	0.4113
1010.0	0.4139
1011.0	0.4164
1012.0	0.4189
1013.0	0.4214
1014.0	0.4239
1015.0	0.4264
1016.0	0.4289
1017.0	0.4314
1018.0	0.4339
1019.0	0.4365
1020.0	0.439
1021.0	0.4415
1022.0	0.444
1023.0	0.4466
1024.0	0.4491
1025.0	0.4517
1026.0	0.4543
1027.0	0.457
1028.0	0.4596
1029.0	0.4624
1030.0	0.4651
1031.0	0.4678
1032.0	0.4706
1033.0	0.4735
1034.0	0.4763
1035.0	0.4793
1036.0	0.4823
1037.0	0.4853
1038.0	0.4884
1039.0	0.4916
1040.0	0.4948
1041.0	0.4982
1042.0	0.5015
1043.0	0.505
1044.0	0.5086
1045.0	0.5123
1046.0	0.5162
1047.0	0.5201
1048.0	0.5241
1049.0	0.5282
1050.0	0.5324
1051.0	0.5368
1052.0	0.5413
1053.0	0.5458
1054.0	0.5503
1055.0	0.5549
1056.0	0.5596
1057.0	0.5643
1058.0	0.5691
1059.0	0.5739
1060.0	0.5787
1061.0	0.5835
1062.0	0.5883
1063.0	0.5931
1064.0	0.5978
1065.0	0.6025
1066.0	0.6073
1067.0	0.612
1068.0	0.6166
1069.0	0.6213
1070.0	0.6259
1071.0	0.6306
1072.0	0.6352
1073.0	0.6397
1074.0	0.6443
1075.0	0.6489
1076.0	0.6535
1077.0	0.6581
1078.0	0.6627
1079.0	0.6673
1080.0	0.6718
1081.0	0.6764
1082.0	0.681
1083.0	0.6857
1084.0	0.6904
1085.0	0.6951
1086.0	0.6998
1087.0	0.7045
1088.0	0.7093
1089.0	0.7141
1090.0	0.719
1091.0	0.7239
1092.0	0.7289
1093.0	0.7339
1094.0	0.739
1095.0	0.7442
1096.0	0.7493
1097.0	0.7545
1098.0	0.7597
1099.0	0.765
1100.0	0.7703
1101.0	0.7758
1102.0	0.7812
1103.0	0.7867
1104.0	0.7922
1105.0	0.7977
1106.0	0.8033
1107.0	0.8089
1108.0	0.8145
1109.0	0.8201
1110.0	0.8258
1111.0	0.8314
1112.0	0.837
1113.0	0.8425
1114.0	0.8481
1115.0	0.8536
1116.0	0.859
1117.0	0.8644
1118.0	0.8697
1119.0	0.875
1120.0	0.8802
1121.0	0.8853
1122.0	0.8903
1123.0	0.8952
1124.0	0.8998
1125.0	0.9044
1126.0	0.9087
1127.0	0.9129
1128.0	0.9168
1129.0	0.9205
1130.0	0.9239
1131.0	0.9271
1132.0	0.9299
1133.0	0.9324
1134.0	0.9347
1135.0	0.9367
1136.0	0.9384
1137.0	0.9399
1138.0	0.9411
1139.0	0.9421
1140.0	0.9427
1141.0	0.9434
1142.0	0.9438
1143.0	0.9442
1144.0	0.9445
1145.0	0.9449
1146.0	0.9452
1147.0	0.9458
1148.0	0.9464
1149.0	0.9472
1150.0	0.9482
1151.0	0.9495
1152.0	0.951
1153.0	0.9528
1154.0	0.9548
1155.0	0.9569
1156.0	0.9593
1157.0	0.9619
1158.0	0.9647
1159.0	0.9676
1160.0	0.9706
1161.0	0.9739
1162.0	0.977
1163.0	0.9803
1164.0	0.9835
1165.0	0.9867
1166.0	0.9899
1167.0	0.993
1168.0	0.9962
1169.0	0.9993
1170.0	1.0022
1171.0	1.0052
1172.0	1.0079
1173.0	1.0106
1174.0	1.0131
1175.0	1.0156
1176.0	1.0179
1177.0	1.0201
1178.0	1.0221
1179.0	1.0241
1180.0	1.0259
1181.0	1.0276
1182.0	1.0292
1183.0	1.0307
1184.0	1.0321
1185.0	1.0334
1186.0	1.0347
1187.0	1.0359
1188.0	1.037
1189.0	1.0381
1190.0	1.0392
1191.0	1.0402
1192.0	1.0412
1193.0	1.0422
1194.0	1.0431
1195.0	1.044
1196.0	1.0449
1197.0	1.0458
1198.0	1.0466
1199.0	1.0474
1200.0	1.0482
1201.0	1.0489
1202.0	1.0497
1203.0	1.0504
1204.0	1.051
1205.0	1.0516
1206.0	1.0522
1207.0	1.0527
1208.0	1.0532
1209.0	1.0537
1210.0	1.0542
1211.0	1.0546
1212.0	1.055
1213.0	1.0554
1214.0	1.0557
1215.0	1.0561
1216.0	1.0564
1217.0	1.0567
1218.0	1.057
1219.0	1.0573
1220.0	1.0575
1221.0	1.0577
1222.0	1.0579
1223.0	1.0581
1224.0	1.0583
1225.0	1.0584
1226.0	1.0585
1227.0	1.0586
1228.0	1.0586
1229.0	1.0586
1230.0	1.0586
1231.0	1.0586
1232.0	1.0584
1233.0	1.0583
1234.0	1.0581
1235.0	1.0579
1236.0	1.0577
1237.0	1.0574
1238.0	1.0571
1239.0	1.0568
1240.0	1.0564
1241.0	1.0561
1242.0	1.0557
1243.0	1.0553
1244.0	1.0548
1245.0	1.0543
1246.0	1.0539
1247.0	1.0533
1248.0	1.0528
1249.0	1.0522
1250.0	1.0515
1251.0	1.0508
1252.0	1.05
1253.0	1.0492
1254.0	1.0484
1255.0	1.0474
1256.0	1.0465
1257.0	1.0454
1258.0	1.0443
1259.0	1.0432
1260.0	1.0419
1261.0	1.0406
1262.0	1.0393
1263.0	1.0379
1264.0	1.0364
1265.0	1.0348
1266.0	1.0331
1267.0	1.0313
1268.0	1.0294
1269.0	1.0272
1270.0	1.025
1271.0	1.0226
1272.0	1.0199
1273.0	1.0172
1274.0	1.0143
1275.0	1.0111
1276.0	1.0078
1277.0	1.0043
1278.0	1.0006
1279.0	0.9967
1280.0	0.9928
1281.0	0.9888
1282.0	0.9848
1283.0	0.9808
1284.0	0.9768
1285.0	0.9728
1286.0	0.9688
1287.0	0.9649
1288.0	0.9612
1289.0	0.9576
1290.0	0.9541
1291.0	0.9508
1292.0	0.9476
1293.0	0.9446
1294.0	0.9417
1295.0	0.9391
1296.0	0.9367
1297.0	0.9346
1298.0	0.9327
1299.0	0.9311
1300.0	0.9297
1301.0	0.9286
1302.0	0.9277
1303.0	0.9271
1304.0	0.9267
1305.0	0.9265
1306.0	0.9265
1307.0	0.9267
1308.0	0.927
1309.0	0.9275
1310.0	0.9281
1311.0	0.9288
1312.0	0.9296
1313.0	0.9306
1314.0	0.9316
1315.0	0.9327
1316.0	0.9339
1317.0	0.9351
1318.0	0.9364
1319.0	0.9378
1320.0	0.9392
1321.0	0.9406
1322.0	0.9421
1323.0	0.9436
1324.0	0.9451
1325.0	0.9467
1326.0	0.9483
1327.0	0.9499
1328.0	0.9515
1329.0	0.9531
1330.0	0.9547
1331.0	0.9562
1332.0	0.9578
1333.0	0.9593
1334.0	0.9608
1335.0	0.9623
1336.0	0.9637
1337.0	0.9652
1338.0	0.9665
1339.0	0.9679
1340.0	0.9691
1341.0	0.9702
1342.0	0.9713
1343.0	0.9721
1344.0	0.9729
1345.0	0.9735
1346.0	0.974
1347.0	0.9744
1348.0	0.9746
1349.0	0.9747
1350.0	0.9746
1351.0	0.9743
1352.0	0.9738
1353.0	0.9732
1354.0	0.9725
1355.0	0.9718
1356.0	0.9711
1357.0	0.9703
1358.0	0.9695
1359.0	0.9686
1360.0	0.9676
1361.0	0.9667
1362.0	0.9656
1363.0	0.9646
1364.0	0.9631
1365.0	0.9615
1366.0	0.9593
1367.0	0.9566
1368.0	0.9532
1369.0	0.9489
1370.0	0.9438
1371.0	0.9376
1372.0	0.9301
1373.0	0.9216
1374.0	0.9115
1375.0	0.9002
1376.0	0.8878
1377.0	0.874
1378.0	0.8592
1379.0	0.8436
1380.0	0.827
1381.0	0.8101
1382.0	0.7926
1383.0	0.7744
1384.0	0.7559
1385.0	0.7367
1386.0	0.717
1387.0	0.6972
1388.0	0.6769
1389.0	0.6568
1390.0	0.6365
1391.0	0.616
1392.0	0.5957
1393.0	0.5756
1394.0	0.555
1395.0	0.5357
1396.0	0.5169
1397.0	0.4986
1398.0	0.4814
1399.0	0.4649
1400.0	0.4491
1401.0	0.4344
1402.0	0.4203
1403.0	0.4072
1404.0	0.3951
1405.0	0.3837
1406.0	0.3734
1407.0	0.364
1408.0	0.3552
1409.0	0.3473
1410.0	0.34
1411.0	0.3334
1412.0	0.3275
1413.0	0.3221
1414.0	0.3174
1415.0	0.3132
1416.0	0.3094
1417.0	0.3061
1418.0	0.3031
1419.0	0.3004
1420.0	0.2982
1421.0	0.2962
1422.0	0.2946
1423.0	0.2932
1424.0	0.292
1425.0	0.291
1426.0	0.2902
1427.0	0.2895
1428.0	0.2891
1429.0	0.2887
1430.0	0.2885
1431.0	0.2885
1432.0	0.2885
1433.0	0.2886
1434.0	0.2889
1435.0	0.2892
1436.0	0.2896
1437.0	0.29
1438.0	0.2905
1439.0	0.2911
1440.0	0.2917
1441.0	0.2923
1442.0	0.2929
1443.0	0.2936
1444.0	0.2943
1445.0	0.295
1446.0	0.2957
1447.0	0.2964
1448.0	0.2972
1449.0	0.2979
1450.0	0.2987
1451.0	0.2995
1452.0	0.3002
1453.0	0.301
1454.0	0.3019
1455.0	0.3028
1456.0	0.3037
1457.0	0.3047
1458.0	0.3058
1459.0	0.3071
1460.0	0.3085
1461.0	0.31
1462.0	0.3116
1463.0	0.3134
1464.0	0.3154
1465.0	0.3175
1466.0	0.3197
1467.0	0.3221
1468.0	0.3247
1469.0	0.3274
1470.0	0.3302
1471.0	0.3332
1472.0	0.3363
1473.0	0.3395
1474.0	0.3428
1475.0	0.3462
1476.0	0.3497
1477.0	0.3533
1478.0	0.3569
1479.0	0.3606
1480.0	0.3643
1481.0	0.3681
1482.0	0.3719
1483.0	0.3757
1484.0	0.3796
1485.0	0.3836
1486.0	0.3876
1487.0	0.3916
1488.0	0.3956
1489.0	0.3996
1490.0	0.4036
1491.0	0.4076
1492.0	0.4117
1493.0	0.4158
1494.0	0.4199
1495.0	0.424
1496.0	0.428
1497.0	0.4321
1498.0	0.4362
1499.0	0.4403
1500.0	0.4445
1501.0	0.4486
1502.0	0.4526
1503.0	0.4568
1504.0	0.4608
1505.0	0.4649
1506.0	0.4689
1507.0	0.4729
1508.0	0.477
1509.0	0.481
1510.0	0.485
1511.0	0.489
1512.0	0.4929
1513.0	0.4968
1514.0	0.5008
1515.0	0.5046
1516.0	0.5085
1517.0	0.5124
1518.0	0.5162
1519.0	0.52
1520.0	0.5237
1521.0	0.5274
1522.0	0.5311
1523.0	0.5347
1524.0	0.5383
1525.0	0.542
1526.0	0.5455
1527.0	0.549
1528.0	0.5524
1529.0	0.5558
1530.0	0.5592
1531.0	0.5625
1532.0	0.5659
1533.0	0.5692
1534.0	0.5724
1535.0	0.5757
1536.0	0.5788
1537.0	0.5819
1538.0	0.585
1539.0	0.588
1540.0	0.591
1541.0	0.5939
1542.0	0.5968
1543.0	0.5997
1544.0	0.6025
1545.0	0.6052
1546.0	0.6079
1547.0	0.6106
1548.0	0.6132
1549.0	0.6159
1550.0	0.6185
1551.0	0.621
1552.0	0.6235
1553.0	0.6259
1554.0	0.6282
1555.0	0.6306
1556.0	0.6328
1557.0	0.6351
1558.0	0.6373
1559.0	0.6395
1560.0	0.6416
1561.0	0.6436
1562.0	0.6456
1563.0	0.6475
1564.0	0.6494
1565.0	0.6513
1566.0	0.6531
1567.0	0.6549
1568.0	0.6566
1569.0	0.6582
1570.0	0.6599
1571.0	0.6615
1572.0	0.6631
1573.0	0.6647
1574.0	0.6662
1575.0	0.6677
1576.0	0.6691
1577.0	0.6705
1578.0	0.6719
1579.0	0.6732
1580.0	0.6745
1581.0	0.6758
1582.0	0.677
1583.0	0.6781
1584.0	0.6792
1585.0	0.6803
1586.0	0.6814
1587.0	0.6825
1588.0	0.6835
1589.0	0.6845
1590.0	0.6854
1591.0	0.6863
1592.0	0.6872
1593.0	0.6881
1594.0	0.6889
1595.0	0.6896
1596.0	0.6903
1597.0	0.6911
1598.0	0.6917
1599.0	0.6924
1600.0	0.693
1601.0	0.6935
1602.0	0.694
1603.0	0.6945
1604.0	0.695
1605.0	0.6954
1606.0	0.6958
1607.0	0.6961
1608.0	0.6965
1609.0	0.6968
1610.0	0.697
1611.0	0.6973
1612.0	0.6974
1613.0	0.6975
1614.0	0.6975
1615.0	0.6976
1616.0	0.6976
1617.0	0.6976
1618.0	0.6976
1619.0	0.6975
1620.0	0.6974
1621.0	0.6972
1622.0	0.6969
1623.0	0.6967
1624.0	0.6964
1625.0	0.696
1626.0	0.6956
1627.0	0.6952
1628.0	0.6947
1629.0	0.6943
1630.0	0.6938
1631.0	0.6932
1632.0	0.6927
1633.0	0.6921
1634.0	0.6914
1635.0	0.6908
1636.0	0.6901
1637.0	0.6893
1638.0	0.6885
1639.0	0.6877
1640.0	0.6867
1641.0	0.6858
1642.0	0.6847
1643.0	0.6836
1644.0	0.6825
1645.0	0.6812
1646.0	0.6799
1647.0	0.6786
1648.0	0.6772
1649.0	0.6758
1650.0	0.6744
1651.0	0.6728
1652.0	0.6713
1653.0	0.6696
1654.0	0.6679
1655.0	0.6662
1656.0	0.6644
1657.0	0.6627
1658.0	0.6609
1659.0	0.6591
1660.0	0.6572
1661.0	0.6554
1662.0	0.6536
1663.0	0.6519
1664.0	0.6503
1665.0	0.6486
1666.0	0.647
1667.0	0.6454
1668.0	0.6439
1669.0	0.6425
1670.0	0.6411
1671.0	0.6397
1672.0	0.6384
1673.0	0.637
1674.0	0.6356
1675.0	0.6342
1676.0	0.6327
1677.0	0.6311
1678.0	0.6295
1679.0	0.6277
1680.0	0.6259
1681.0	0.6239
1682.0	0.6219
1683.0	0.6198
1684.0	0.6176
1685.0	0.6154
1686.0	0.6132
1687.0	0.6109
1688.0	0.6086
1689.0	0.6063
1690.0	0.604
1691.0	0.6017
1692.0	0.5994
1693.0	0.5971
1694.0	0.5948
1695.0	0.5924
1696.0	0.5901
1697.0	0.5878
1698.0	0.5854
1699.0	0.583
1700.0	0.5807
1701.0	0.5783
1702.0	0.5759
1703.0	0.5735
1704.0	0.5711
1705.0	0.5686
1706.0	0.5662
1707.0	0.5637
1708.0	0.5611
1709.0	0.5585
1710.0	0.556
1711.0	0.5534
1712.0	0.5508
1713.0	0.5482
1714.0	0.5455
1715.0	0.5429
1716.0	0.5402
1717.0	0.5375
1718.0	0.5349
1719.0	0.5321
1720.0	0.5294
1721.0	0.5267
1722.0	0.524
1723.0	0.5213
1724.0	0.5186
1725.0	0.5158
1726.0	0.5131
1727.0	0.5104
1728.0	0.5077
1729.0	0.505
1730.0	0.5024
1731.0	0.4997
1732.0	0.4971
1733.0	0.4944
1734.0	0.4918
1735.0	0.4891
1736.0	0.4864
1737.0	0.4837
1738.0	0.481
1739.0	0.4783
1740.0	0.4755
1741.0	0.4728
1742.0	0.47
1743.0	0.4671
1744.0	0.4643
1745.0	0.4614
1746.0	0.4585
1747.0	0.4556
1748.0	0.4526
1749.0	0.4496
1750.0	0.4466
1751.0	0.4436
1752.0	0.4406
1753.0	0.4375
1754.0	0.4345
1755.0	0.4314
1756.0	0.4283
1757.0	0.4253
1758.0	0.4223
1759.0	0.4193
1760.0	0.4163
1761.0	0.4133
1762.0	0.4103
1763.0	0.4074
1764.0	0.4045
1765.0	0.4017
1766.0	0.3989
1767.0	0.3961
1768.0	0.3935
1769.0	0.3908
1770.0	0.3882
1771.0	0.3855
1772.0	0.3829
1773.0	0.3804
1774.0	0.3778
1775.0	0.3753
1776.0	0.3729
1777.0	0.3705
1778.0	0.3681
1779.0	0.3657
1780.0	0.3634
1781.0	0.361
1782.0	0.3587
1783.0	0.3564
1784.0	0.3542
1785.0	0.352
1786.0	0.3498
1787.0	0.3476
1788.0	0.3454
1789.0	0.3432
1790.0	0.341
1791.0	0.3388
1792.0	0.3367
1793.0	0.3345
1794.0	0.3324
1795.0	0.3303
1796.0	0.3281
1797.0	0.3259
1798.0	0.3237
1799.0	0.3215
1800.0	0.3194
1801.0	0.3172
1802.0	0.315
1803.0	0.3128
1804.0	0.3105
1805.0	0.3083
1806.0	0.306
1807.0	0.3037
1808.0	0.3013
1809.0	0.2989
1810.0	0.2964
1811.0	0.294
1812.0	0.2914
1813.0	0.2888
1814.0	0.2861
1815.0	0.2834
1816.0	0.2806
1817.0	0.2778
1818.0	0.2749
1819.0	0.2719
1820.0	0.2689
1821.0	0.2657
1822.0	0.2625
1823.0	0.2591
1824.0	0.2555
1825.0	0.2518
1826.0	0.248
1827.0	0.2439
1828.0	0.2397
1829.0	0.2351
1830.0	0.2302
1831.0	0.531
1832.0	0.5315
1833.0	0.5319
1834.0	0.5322
1835.0	0.5324
1836.0	0.5325
1837.0	0.5326
1838.0	0.5325
1839.0	0.5323
1840.0	0.5321
1841.0	0.5315
1842.0	0.5307
1843.0	0.5296
1844.0	0.5282
1845.0	0.5264
1846.0	0.5243
1847.0	0.5218
1848.0	0.5189
1849.0	0.5155
1850.0	0.5115
1851.0	0.5072
1852.0	0.5023
1853.0	0.497
1854.0	0.4912
1855.0	0.4849
1856.0	0.4781
1857.0	0.4709
1858.0	0.4628
1859.0	0.4542
1860.0	0.445
1861.0	0.4352
1862.0	0.425
1863.0	0.4139
1864.0	0.4023
1865.0	0.3903
1866.0	0.3779
1867.0	0.3649
1868.0	0.3519
1869.0	0.3389
1870.0	0.3258
1871.0	0.3129
1872.0	0.3001
1873.0	0.2873
1874.0	0.2747
1875.0	0.2622
1876.0	0.25
1877.0	0.238
1878.0	0.2265
1879.0	0.2151
1880.0	0.2043
1881.0	0.1937
1882.0	0.1833
1883.0	0.1736
1884.0	0.1641
1885.0	0.1552
1886.0	0.147
1887.0	0.1394
1888.0	0.1322
1889.0	0.1257
1890.0	0.1199
1891.0	0.1146
1892.0	0.1098
1893.0	0.1056
1894.0	0.1018
1895.0	0.0984
1896.0	0.0954
1897.0	0.0928
1898.0	0.0905
1899.0	0.0885
1900.0	0.0868
1901.0	0.0854
1902.0	0.0842
1903.0	0.0832
1904.0	0.0825
1905.0	0.0818
1906.0	0.0814
1907.0	0.0811
1908.0	0.0808
1909.0	0.0806
1910.0	0.0805
1911.0	0.0804
1912.0	0.0802
1913.0	0.0801
1914.0	0.0799
1915.0	0.08
1916.0	0.08
1917.0	0.08
1918.0	0.0801
1919.0	0.0802
1920.0	0.0802
1921.0	0.0804
1922.0	0.0807
1923.0	0.081
1924.0	0.0813
1925.0	0.0817
1926.0	0.0819
1927.0	0.0823
1928.0	0.0827
1929.0	0.083
1930.0	0.0833
1931.0	0.0838
1932.0	0.0841
1933.0	0.0844
1934.0	0.0847
1935.0	0.085
1936.0	0.0854
1937.0	0.0859
1938.0	0.0864
1939.0	0.0867
1940.0	0.0872
1941.0	0.0876
1942.0	0.088
1943.0	0.0885
1944.0	0.0891
1945.0	0.0897
1946.0	0.0902
1947.0	0.0908
1948.0	0.0912
1949.0	0.0917
1950.0	0.0922
1951.0	0.0927
1952.0	0.0934
1953.0	0.0941
1954.0	0.0947
1955.0	0.0952
1956.0	0.0959
1957.0	0.0966
1958.0	0.0973
1959.0	0.0981
1960.0	0.0988
1961.0	0.0995
1962.0	0.1001
1963.0	0.1009
1964.0	0.1017
1965.0	0.1025
1966.0	0.1033
1967.0	0.1042
1968.0	0.105
1969.0	0.1059
1970.0	0.1068
1971.0	0.1077
1972.0	0.1086
1973.0	0.1097
1974.0	0.1107
1975.0	0.1117
1976.0	0.1126
1977.0	0.1135
1978.0	0.1145
1979.0	0.1156
1980.0	0.1167
1981.0	0.1178
1982.0	0.1188
1983.0	0.1199
1984.0	0.121
1985.0	0.1221
1986.0	0.1232
1987.0	0.1243
1988.0	0.1256
1989.0	0.1269
1990.0	0.1282
1991.0	0.1295
1992.0	0.1307
1993.0	0.1319
1994.0	0.1332
1995.0	0.1345
1996.0	0.1357
1997.0	0.137
1998.0	0.1383
1999.0	0.1397
2000.0	0.1411
2001.0	0.1425
2002.0	0.1438
2003.0	0.145
2004.0	0.1463
2005.0	0.1477
2006.0	0.1492
2007.0	0.1506
2008.0	0.1521
2009.0	0.1536
2010.0	0.155
2011.0	0.1564
2012.0	0.1578
2013.0	0.1592
2014.0	0.1606
2015.0	0.1621
2016.0	0.1636
2017.0	0.165
2018.0	0.1664
2019.0	0.1678
2020.0	0.1693
2021.0	0.1707
2022.0	0.1721
2023.0	0.1735
2024.0	0.1749
2025.0	0.1763
2026.0	0.1777
2027.0	0.1791
2028.0	0.1804
2029.0	0.1817
2030.0	0.183
2031.0	0.1843
2032.0	0.1856
2033.0	0.1869
2034.0	0.1883
2035.0	0.1896
2036.0	0.1909
2037.0	0.1922
2038.0	0.1935
2039.0	0.1948
2040.0	0.1961
2041.0	0.1973
2042.0	0.1985
2043.0	0.1998
2044.0	0.2011
2045.0	0.2023
2046.0	0.2035
2047.0	0.2047
2048.0	0.2059
2049.0	0.207
2050.0	0.2082
2051.0	0.2094
2052.0	0.2106
2053.0	0.2119
2054.0	0.2132
2055.0	0.2144
2056.0	0.2156
2057.0	0.2168
2058.0	0.218
2059.0	0.2192
2060.0	0.2205
2061.0	0.2216
2062.0	0.2228
2063.0	0.2239
2064.0	0.2251
2065.0	0.2263
2066.0	0.2274
2067.0	0.2287
2068.0	0.2298
2069.0	0.2309
2070.0	0.232
2071.0	0.233
2072.0	0.2341
2073.0	0.2352
2074.0	0.2363
2075.0	0.2374
2076.0	0.2385
2077.0	0.2395
2078.0	0.2406
2079.0	0.2416
2080.0	0.2425
2081.0	0.2435
2082.0	0.2443
2083.0	0.2453
2084.0	0.2463
2085.0	0.2473
2086.0	0.2484
2087.0	0.2494
2088.0	0.2504
2089.0	0.2513
2090.0	0.2521
2091.0	0.253
2092.0	0.2539
2093.0	0.2548
2094.0	0.2557
2095.0	0.2566
2096.0	0.2574
2097.0	0.2581
2098.0	0.2588
2099.0	0.2595
2100.0	0.2602
2101.0	0.261
2102.0	0.2618
2103.0	0.2625
2104.0	0.2632
2105.0	0.2638
2106.0	0.2645
2107.0	0.2652
2108.0	0.2658
2109.0	0.2666
2110.0	0.2673
2111.0	0.2679
2112.0	0.2684
2113.0	0.2689
2114.0	0.2695
2115.0	0.27
2116.0	0.2706
2117.0	0.2712
2118.0	0.2717
2119.0	0.2722
2120.0	0.2726
2121.0	0.273
2122.0	0.2734
2123.0	0.2738
2124.0	0.2742
2125.0	0.2747
2126.0	0.2751
2127.0	0.2756
2128.0	0.2759
2129.0	0.2762
2130.0	0.2766
2131.0	0.2769
2132.0	0.2772
2133.0	0.2775
2134.0	0.2778
2135.0	0.2781
2136.0	0.2784
2137.0	0.2788
2138.0	0.2791
2139.0	0.2794
2140.0	0.2797
2141.0	0.28
2142.0	0.2802
2143.0	0.2804
2144.0	0.2806
2145.0	0.2807
2146.0	0.2809
2147.0	0.281
2148.0	0.2812
2149.0	0.2814
2150.0	0.2815
2151.0	0.2817
2152.0	0.2818
2153.0	0.282
2154.0	0.282
2155.0	0.2821
2156.0	0.2821
2157.0	0.2821
2158.0	0.2822
2159.0	0.2823
2160.0	0.2825
2161.0	0.2825
2162.0	0.2825
2163.0	0.2825
2164.0	0.2824
2165.0	0.2823
2166.0	0.2822
2167.0	0.2821
2168.0	0.282
2169.0	0.2817
2170.0	0.2816
2171.0	0.2814
2172.0	0.2812
2173.0	0.281
2174.0	0.2808
2175.0	0.2805
2176.0	0.2802
2177.0	0.28
2178.0	0.2797
2179.0	0.2793
2180.0	0.2791
2181.0	0.2788
2182.0	0.2786
2183.0	0.2784
2184.0	0.278
2185.0	0.2775
2186.0	0.277
2187.0	0.2765
2188.0	0.276
2189.0	0.2756
2190.0	0.2751
2191.0	0.2744
2192.0	0.2738
2193.0	0.273
2194.0	0.2724
2195.0	0.2717
2196.0	0.2709
2197.0	0.2703
2198.0	0.2696
2199.0	0.2689
2200.0	0.2682
2201.0	0.2676
2202.0	0.2668
2203.0	0.2661
2204.0	0.2654
2205.0	0.2647
2206.0	0.2639
2207.0	0.2632
2208.0	0.2626
2209.0	0.2619
2210.0	0.2612
2211.0	0.2605
2212.0	0.2598
2213.0	0.2591
2214.0	0.2584
2215.0	0.2577
2216.0	0.2569
2217.0	0.2561
2218.0	0.2552
2219.0	0.2543
2220.0	0.2535
2221.0	0.2526
2222.0	0.2517
2223.0	0.2508
2224.0	0.2498
2225.0	0.2488
2226.0	0.2477
2227.0	0.2466
2228.0	0.2455
2229.0	0.2444
2230.0	0.2432
2231.0	0.2419
2232.0	0.2407
2233.0	0.2395
2234.0	0.2381
2235.0	0.2367
2236.0	0.2353
2237.0	0.2338
2238.0	0.2324
2239.0	0.2311
2240.0	0.2297
2241.0	0.2281
2242.0	0.2267
2243.0	0.2252
2244.0	0.2237
2245.0	0.2223
2246.0	0.2209
2247.0	0.2194
2248.0	0.2178
2249.0	0.2162
2250.0	0.2146
2251.0	0.2131
2252.0	0.2116
2253.0	0.2101
2254.0	0.2085
2255.0	0.2069
2256.0	0.2053
2257.0	0.2037
2258.0	0.2021
2259.0	0.2005
2260.0	0.1989
2261.0	0.1972
2262.0	0.1954
2263.0	0.1937
2264.0	0.192
2265.0	0.1904
2266.0	0.1889
2267.0	0.1873
2268.0	0.1855
2269.0	0.1839
2270.0	0.1823
2271.0	0.1807
2272.0	0.1791
2273.0	0.1775
2274.0	0.1758
2275.0	0.1742
2276.0	0.1726
2277.0	0.171
2278.0	0.1694
2279.0	0.1678
2280.0	0.1662
2281.0	0.1646
2282.0	0.163
2283.0	0.1615
2284.0	0.16
2285.0	0.1584
2286.0	0.157
2287.0	0.1554
2288.0	0.1539
2289.0	0.1524
2290.0	0.1508
2291.0	0.1493
2292.0	0.1477
2293.0	0.146
2294.0	0.1444
2295.0	0.1428
2296.0	0.1413
2297.0	0.1399
2298.0	0.1384
2299.0	0.137
2300.0	0.1355
2301.0	0.1339
2302.0	0.1324
2303.0	0.1309
2304.0	0.1295
2305.0	0.1281
2306.0	0.1267
2307.0	0.1254
2308.0	0.1241
2309.0	0.123
2310.0	0.1218
2311.0	0.1206
2312.0	0.1194
2313.0	0.118
2314.0	0.1167
2315.0	0.1154
2316.0	0.1142
2317.0	0.1131
2318.0	0.1119
2319.0	0.1108
2320.0	0.1096
2321.0	0.1084
2322.0	0.1072
2323.0	0.106
2324.0	0.1048
2325.0	0.1036
2326.0	0.1024
2327.0	0.1012
2328.0	0.1
2329.0	0.0987
2330.0	0.0975
2331.0	0.0963
2332.0	0.0951
2333.0	0.094
2334.0	0.0928
2335.0	0.0917
2336.0	0.0905
2337.0	0.0894
2338.0	0.0883
2339.0	0.0871
2340.0	0.0859
2341.0	0.0848
2342.0	0.0837
2343.0	0.0827
2344.0	0.0816
2345.0	0.0806
2346.0	0.0795
2347.0	0.0785
2348.0	0.0775
2349.0	0.0765
2350.0	0.0755
2351.0	0.0746
2352.0	0.0737
2353.0	0.0727
2354.0	0.0718
2355.0	0.0709
2356.0	0.0699
2357.0	0.069
2358.0	0.0681
2359.0	0.0671
2360.0	0.0661
2361.0	0.0652
2362.0	0.0643
2363.0	0.0634
2364.0	0.0626
2365.0	0.0617
2366.0	0.0608
2367.0	0.06
2368.0	0.0591
2369.0	0.0582
2370.0	0.0574
2371.0	0.0567
2372.0	0.0559
2373.0	0.0551
2374.0	0.0544
2375.0	0.0536
2376.0	0.0528
2377.0	0.052
2378.0	0.051
2379.0	0.0501
2380.0	0.0494
2381.0	0.0487
2382.0	0.0479
2383.0	0.0472
2384.0	0.0464
2385.0	0.0456
2386.0	0.0449
2387.0	0.0443
2388.0	0.0437
2389.0	0.043
2390.0	0.0424
2391.0	0.0419
2392.0	0.0412
2393.0	0.0406
2394.0	0.0399
2395.0	0.0392
2396.0	0.0385
2397.0	0.0379
2398.0	0.0374
2399.0	0.0368
2400.0	0.0363
2401.0	0.0357
2402.0	0.0351
2403.0	0.0344
2404.0	0.0338
2405.0	0.0332
2406.0	0.0326
2407.0	0.032
2408.0	0.0315
2409.0	0.031
2410.0	0.0305
2411.0	0.03
2412.0	0.0295
2413.0	0.0291
2414.0	0.0286
2415.0	0.0282
2416.0	0.0277
2417.0	0.0272
2418.0	0.0268
2419.0	0.0263
2420.0	0.0258
2421.0	0.0254
2422.0	0.0251
2423.0	0.0249
2424.0	0.0246
2425.0	0.0243
2426.0	0.0239
2427.0	0.0234
2428.0	0.023
2429.0	0.0226
2430.0	0.0222
2431.0	0.0218
2432.0	0.0214
2433.0	0.0211
2434.0	0.0208
2435.0	0.0204
2436.0	0.0201
2437.0	0.0197
2438.0	0.0194
2439.0	0.0191
2440.0	0.0187
2441.0	0.0185
2442.0	0.0183
2443.0	0.0179
2444.0	0.0177
2445.0	0.0175
2446.0	0.0172
2447.0	0.0169
2448.0	0.0166
2449.0	0.0163
2450.0	0.016
2451.0	0.0159
2452.0	0.0158
2453.0	0.0156
2454.0	0.0154
2455.0	0.0152
2456.0	0.0148
2457.0	0.0145
2458.0	0.0142
2459.0	0.0139
2460.0	0.0137
2461.0	0.0135
2462.0	0.0134
2463.0	0.0133
2464.0	0.0131
2465.0	0.0129
2466.0	0.0125
2467.0	0.0123
2468.0	0.0122
2469.0	0.012
2470.0	0.012
2471.0	0.0118
2472.0	0.0117
2473.0	0.0115
2474.0	0.0112
2475.0	0.011
2476.0	0.0107
2477.0	0.0105
2478.0	0.0104
2479.0	0.0103
2480.0	0.0101
2481.0	0.01
2482.0	0.0098
2483.0	0.0097
2484.0	0.0096
2485.0	0.0094
2486.0	0.0092
2487.0	0.009
2488.0	0.0087
2489.0	0.0085
2490.0	0.0082
2491.0	0.008
2492.0	0.0079
2493.0	0.0077
2494.0	0.0076
2495.0	0.0075
2496.0	0.0073
2497.0	0.007
2498.0	0.0068
2499.0	0.0067
2500.0	0.0066
