Bands	Reflectance
350.0	0.0007
351.0	0.0006
352.0	0.0006
353.0	0.0007
354.0	0.0008
355.0	0.0009
356.0	0.001
357.0	0.001
358.0	0.001
359.0	0.001
360.0	0.0008
361.0	0.001
362.0	0.0011
363.0	0.0011
364.0	0.0013
365.0	0.0014
366.0	0.0014
367.0	0.0013
368.0	0.0011
369.0	0.0012
370.0	0.0014
371.0	0.0014
372.0	0.0015
373.0	0.0014
374.0	0.0013
375.0	0.0015
376.0	0.0014
377.0	0.0015
378.0	0.0016
379.0	0.0016
380.0	0.0015
381.0	0.0014
382.0	0.0013
383.0	0.0015
384.0	0.0016
385.0	0.0016
386.0	0.0015
387.0	0.0017
388.0	0.0017
389.0	0.0015
390.0	0.0018
391.0	0.0019
392.0	0.0019
393.0	0.0018
394.0	0.0018
395.0	0.0019
396.0	0.002
397.0	0.0022
398.0	0.0023
399.0	0.0023
400.0	0.0022
401.0	0.0024
402.0	0.0025
403.0	0.0027
404.0	0.0028
405.0	0.0027
406.0	0.0028
407.0	0.003
408.0	0.0029
409.0	0.0027
410.0	0.0029
411.0	0.0033
412.0	0.0035
413.0	0.0038
414.0	0.0039
415.0	0.0039
416.0	0.0038
417.0	0.004
418.0	0.0043
419.0	0.0045
420.0	0.0047
421.0	0.0048
422.0	0.0049
423.0	0.0051
424.0	0.0053
425.0	0.0055
426.0	0.0056
427.0	0.006
428.0	0.0063
429.0	0.0064
430.0	0.0066
431.0	0.0067
432.0	0.0069
433.0	0.0071
434.0	0.0072
435.0	0.0076
436.0	0.0078
437.0	0.008
438.0	0.0082
439.0	0.0083
440.0	0.0084
441.0	0.0087
442.0	0.0088
443.0	0.0089
444.0	0.009
445.0	0.0089
446.0	0.0091
447.0	0.0094
448.0	0.0095
449.0	0.0095
450.0	0.0096
451.0	0.0098
452.0	0.0101
453.0	0.01
454.0	0.0101
455.0	0.0103
456.0	0.0105
457.0	0.0105
458.0	0.0104
459.0	0.0106
460.0	0.0107
461.0	0.0106
462.0	0.0106
463.0	0.0111
464.0	0.011
465.0	0.011
466.0	0.0113
467.0	0.0114
468.0	0.0114
469.0	0.0116
470.0	0.012
471.0	0.0119
472.0	0.0119
473.0	0.012
474.0	0.0118
475.0	0.0123
476.0	0.0125
477.0	0.0125
478.0	0.0128
479.0	0.0131
480.0	0.0133
481.0	0.0132
482.0	0.0133
483.0	0.0135
484.0	0.0137
485.0	0.0139
486.0	0.0142
487.0	0.0145
488.0	0.0148
489.0	0.0149
490.0	0.0151
491.0	0.0153
492.0	0.0155
493.0	0.016
494.0	0.0163
495.0	0.0167
496.0	0.0173
497.0	0.0174
498.0	0.0177
499.0	0.0181
500.0	0.0184
501.0	0.0189
502.0	0.0194
503.0	0.02
504.0	0.0205
505.0	0.0212
506.0	0.0218
507.0	0.0225
508.0	0.0232
509.0	0.0238
510.0	0.0243
511.0	0.0252
512.0	0.0261
513.0	0.0269
514.0	0.0279
515.0	0.0288
516.0	0.03
517.0	0.0312
518.0	0.0323
519.0	0.0335
520.0	0.0349
521.0	0.0362
522.0	0.0375
523.0	0.039
524.0	0.0407
525.0	0.042
526.0	0.0432
527.0	0.0447
528.0	0.0464
529.0	0.0476
530.0	0.0491
531.0	0.0509
532.0	0.0526
533.0	0.0543
534.0	0.056
535.0	0.0577
536.0	0.0596
537.0	0.0612
538.0	0.0628
539.0	0.0644
540.0	0.0659
541.0	0.0675
542.0	0.0691
543.0	0.0703
544.0	0.0715
545.0	0.0726
546.0	0.0735
547.0	0.0743
548.0	0.0751
549.0	0.0759
550.0	0.0769
551.0	0.0777
552.0	0.0786
553.0	0.0795
554.0	0.0805
555.0	0.0811
556.0	0.0818
557.0	0.0827
558.0	0.0831
559.0	0.0835
560.0	0.0838
561.0	0.0839
562.0	0.0837
563.0	0.0833
564.0	0.0827
565.0	0.082
566.0	0.0812
567.0	0.0803
568.0	0.0796
569.0	0.0789
570.0	0.0782
571.0	0.0775
572.0	0.0768
573.0	0.0759
574.0	0.0751
575.0	0.0744
576.0	0.0733
577.0	0.0725
578.0	0.0719
579.0	0.0712
580.0	0.0708
581.0	0.0706
582.0	0.0706
583.0	0.0706
584.0	0.0706
585.0	0.0707
586.0	0.0709
587.0	0.0713
588.0	0.0714
589.0	0.0713
590.0	0.0714
591.0	0.0715
592.0	0.0716
593.0	0.0715
594.0	0.0717
595.0	0.0721
596.0	0.0724
597.0	0.0725
598.0	0.0727
599.0	0.0729
600.0	0.0731
601.0	0.0732
602.0	0.0732
603.0	0.0729
604.0	0.0726
605.0	0.0723
606.0	0.0719
607.0	0.0714
608.0	0.0711
609.0	0.0708
610.0	0.0707
611.0	0.0706
612.0	0.0701
613.0	0.0695
614.0	0.069
615.0	0.0688
616.0	0.0685
617.0	0.0684
618.0	0.0684
619.0	0.0682
620.0	0.068
621.0	0.068
622.0	0.0681
623.0	0.0682
624.0	0.0684
625.0	0.0685
626.0	0.0683
627.0	0.0685
628.0	0.0687
629.0	0.0688
630.0	0.0691
631.0	0.0693
632.0	0.0696
633.0	0.0698
634.0	0.0701
635.0	0.0701
636.0	0.0701
637.0	0.0704
638.0	0.0704
639.0	0.0702
640.0	0.0699
641.0	0.07
642.0	0.0698
643.0	0.0696
644.0	0.0696
645.0	0.0693
646.0	0.0689
647.0	0.0686
648.0	0.0683
649.0	0.0683
650.0	0.0681
651.0	0.0678
652.0	0.068
653.0	0.0679
654.0	0.0677
655.0	0.0676
656.0	0.0676
657.0	0.0675
658.0	0.0674
659.0	0.0673
660.0	0.0674
661.0	0.0674
662.0	0.0674
663.0	0.0677
664.0	0.0679
665.0	0.0681
666.0	0.0685
667.0	0.0689
668.0	0.0695
669.0	0.0704
670.0	0.071
671.0	0.0717
672.0	0.0725
673.0	0.0733
674.0	0.0743
675.0	0.0755
676.0	0.0766
677.0	0.0776
678.0	0.079
679.0	0.0804
680.0	0.0817
681.0	0.0834
682.0	0.0849
683.0	0.0864
684.0	0.0881
685.0	0.0902
686.0	0.0924
687.0	0.0949
688.0	0.0973
689.0	0.0999
690.0	0.1031
691.0	0.1071
692.0	0.1116
693.0	0.117
694.0	0.1236
695.0	0.1317
696.0	0.141
697.0	0.1524
698.0	0.166
699.0	0.1816
700.0	0.1997
701.0	0.2203
702.0	0.2432
703.0	0.2681
704.0	0.2951
705.0	0.324
706.0	0.3545
707.0	0.3865
708.0	0.4196
709.0	0.4535
710.0	0.4879
711.0	0.5222
712.0	0.5571
713.0	0.5927
714.0	0.6275
715.0	0.6626
716.0	0.6975
717.0	0.7317
718.0	0.7655
719.0	0.7989
720.0	0.8318
721.0	0.8639
722.0	0.895
723.0	0.9252
724.0	0.9546
725.0	0.9836
726.0	1.0115
727.0	1.0384
728.0	1.0643
729.0	1.0889
730.0	1.1127
731.0	1.1353
732.0	1.1567
733.0	1.1779
734.0	1.1985
735.0	1.2183
736.0	1.237
737.0	1.2547
738.0	1.2715
739.0	1.2875
740.0	1.3031
741.0	1.3179
742.0	1.3318
743.0	1.3456
744.0	1.3587
745.0	1.371
746.0	1.3827
747.0	1.3935
748.0	1.4043
749.0	1.4143
750.0	1.4233
751.0	1.4326
752.0	1.4413
753.0	1.4491
754.0	1.4564
755.0	1.463
756.0	1.4691
757.0	1.4749
758.0	1.4804
759.0	1.4857
760.0	1.4906
761.0	1.4948
762.0	1.4986
763.0	1.5023
764.0	1.5058
765.0	1.5088
766.0	1.5121
767.0	1.5146
768.0	1.5164
769.0	1.5185
770.0	1.5197
771.0	1.5209
772.0	1.5222
773.0	1.523
774.0	1.5236
775.0	1.5238
776.0	1.5235
777.0	1.5231
778.0	1.5227
779.0	1.5221
780.0	1.5209
781.0	1.5193
782.0	1.5174
783.0	1.5156
784.0	1.5135
785.0	1.5112
786.0	1.5089
787.0	1.5069
788.0	1.5042
789.0	1.5015
790.0	1.4987
791.0	1.4956
792.0	1.4925
793.0	1.4893
794.0	1.4859
795.0	1.4823
796.0	1.4782
797.0	1.474
798.0	1.4698
799.0	1.4652
800.0	1.461
801.0	1.4568
802.0	1.4523
803.0	1.4478
804.0	1.4432
805.0	1.4384
806.0	1.4332
807.0	1.4285
808.0	1.4232
809.0	1.4176
810.0	1.4121
811.0	1.4061
812.0	1.4003
813.0	1.3947
814.0	1.3886
815.0	1.3832
816.0	1.3779
817.0	1.3722
818.0	1.366
819.0	1.3598
820.0	1.3537
821.0	1.3478
822.0	1.3415
823.0	1.3351
824.0	1.329
825.0	1.3235
826.0	1.3169
827.0	1.3105
828.0	1.3042
829.0	1.298
830.0	1.292
831.0	1.2861
832.0	1.2801
833.0	1.2743
834.0	1.268
835.0	1.2619
836.0	1.256
837.0	1.2494
838.0	1.2431
839.0	1.237
840.0	1.2307
841.0	1.2241
842.0	1.2178
843.0	1.2117
844.0	1.2055
845.0	1.1996
846.0	1.1936
847.0	1.1875
848.0	1.1814
849.0	1.1757
850.0	1.17
851.0	1.1641
852.0	1.1584
853.0	1.1525
854.0	1.1463
855.0	1.1403
856.0	1.135
857.0	1.1288
858.0	1.1225
859.0	1.1165
860.0	1.1103
861.0	1.1041
862.0	1.0977
863.0	1.0911
864.0	1.0848
865.0	1.0786
866.0	1.0725
867.0	1.0662
868.0	1.0596
869.0	1.0527
870.0	1.046
871.0	1.0398
872.0	1.0327
873.0	1.0258
874.0	1.019
875.0	1.012
876.0	1.0054
877.0	0.9985
878.0	0.9913
879.0	0.9844
880.0	0.9774
881.0	0.9702
882.0	0.9632
883.0	0.9562
884.0	0.9492
885.0	0.9419
886.0	0.9348
887.0	0.9282
888.0	0.9209
889.0	0.9137
890.0	0.9068
891.0	0.8998
892.0	0.8929
893.0	0.886
894.0	0.8789
895.0	0.8716
896.0	0.8644
897.0	0.8571
898.0	0.8496
899.0	0.8423
900.0	0.8351
901.0	0.8279
902.0	0.8204
903.0	0.8134
904.0	0.8064
905.0	0.7992
906.0	0.7919
907.0	0.7846
908.0	0.7769
909.0	0.769
910.0	0.761
911.0	0.7539
912.0	0.7473
913.0	0.7406
914.0	0.7332
915.0	0.7257
916.0	0.7186
917.0	0.7116
918.0	0.7043
919.0	0.6971
920.0	0.6897
921.0	0.6825
922.0	0.6754
923.0	0.6683
924.0	0.6615
925.0	0.6547
926.0	0.6475
927.0	0.6403
928.0	0.6331
929.0	0.6258
930.0	0.6185
931.0	0.6112
932.0	0.604
933.0	0.597
934.0	0.59
935.0	0.5832
936.0	0.576
937.0	0.5688
938.0	0.5621
939.0	0.5553
940.0	0.5484
941.0	0.5415
942.0	0.5348
943.0	0.5282
944.0	0.5214
945.0	0.5146
946.0	0.5081
947.0	0.5016
948.0	0.495
949.0	0.4884
950.0	0.4818
951.0	0.4754
952.0	0.4687
953.0	0.4622
954.0	0.4562
955.0	0.4497
956.0	0.4434
957.0	0.4372
958.0	0.431
959.0	0.4251
960.0	0.4191
961.0	0.4131
962.0	0.4073
963.0	0.4012
964.0	0.3953
965.0	0.3898
966.0	0.3842
967.0	0.3785
968.0	0.373
969.0	0.3675
970.0	0.3619
971.0	0.3567
972.0	0.3513
973.0	0.3459
974.0	0.3406
975.0	0.3353
976.0	0.3302
977.0	0.3252
978.0	0.3201
979.0	0.3149
980.0	0.3098
981.0	0.3049
982.0	0.3001
983.0	0.2952
984.0	0.2905
985.0	0.2855
986.0	0.2805
987.0	0.276
988.0	0.2712
989.0	0.2664
990.0	0.2616
991.0	0.2571
992.0	0.2526
993.0	0.2482
994.0	0.2436
995.0	0.239
996.0	0.2347
997.0	0.2304
998.0	0.226
999.0	0.2216
1000.0	0.2172
1001.0	0.3699
1002.0	0.3723
1003.0	0.3747
1004.0	0.3771
1005.0	0.3795
1006.0	0.3818
1007.0	0.3841
1008.0	0.3864
1009.0	0.3886
1010.0	0.3909
1011.0	0.3932
1012.0	0.3955
1013.0	0.3977
1014.0	0.4
1015.0	0.4022
1016.0	0.4044
1017.0	0.4066
1018.0	0.4088
1019.0	0.411
1020.0	0.4132
1021.0	0.4155
1022.0	0.4178
1023.0	0.4201
1024.0	0.4223
1025.0	0.4246
1026.0	0.427
1027.0	0.4294
1028.0	0.4318
1029.0	0.4343
1030.0	0.4368
1031.0	0.4392
1032.0	0.4417
1033.0	0.4443
1034.0	0.4469
1035.0	0.4497
1036.0	0.4525
1037.0	0.4553
1038.0	0.4582
1039.0	0.4611
1040.0	0.4641
1041.0	0.4671
1042.0	0.4703
1043.0	0.4736
1044.0	0.4769
1045.0	0.4804
1046.0	0.484
1047.0	0.4877
1048.0	0.4914
1049.0	0.4953
1050.0	0.4993
1051.0	0.5033
1052.0	0.5076
1053.0	0.5119
1054.0	0.5162
1055.0	0.5206
1056.0	0.525
1057.0	0.5296
1058.0	0.5341
1059.0	0.5386
1060.0	0.5431
1061.0	0.5476
1062.0	0.5522
1063.0	0.5568
1064.0	0.5613
1065.0	0.5658
1066.0	0.5704
1067.0	0.5748
1068.0	0.5792
1069.0	0.5836
1070.0	0.588
1071.0	0.5923
1072.0	0.5967
1073.0	0.601
1074.0	0.6054
1075.0	0.6098
1076.0	0.614
1077.0	0.6183
1078.0	0.6225
1079.0	0.6268
1080.0	0.6312
1081.0	0.6355
1082.0	0.6399
1083.0	0.6443
1084.0	0.6486
1085.0	0.6531
1086.0	0.6576
1087.0	0.6621
1088.0	0.6666
1089.0	0.6712
1090.0	0.6758
1091.0	0.6804
1092.0	0.6851
1093.0	0.6899
1094.0	0.6947
1095.0	0.6994
1096.0	0.7043
1097.0	0.7094
1098.0	0.7144
1099.0	0.7194
1100.0	0.7244
1101.0	0.7294
1102.0	0.7345
1103.0	0.7397
1104.0	0.7449
1105.0	0.7501
1106.0	0.7554
1107.0	0.7607
1108.0	0.7661
1109.0	0.7715
1110.0	0.7769
1111.0	0.7823
1112.0	0.7877
1113.0	0.7931
1114.0	0.7984
1115.0	0.8037
1116.0	0.8088
1117.0	0.814
1118.0	0.8193
1119.0	0.8244
1120.0	0.8296
1121.0	0.8346
1122.0	0.8396
1123.0	0.8445
1124.0	0.8493
1125.0	0.854
1126.0	0.8585
1127.0	0.8629
1128.0	0.8672
1129.0	0.8714
1130.0	0.8754
1131.0	0.8792
1132.0	0.8828
1133.0	0.8862
1134.0	0.8895
1135.0	0.8927
1136.0	0.8956
1137.0	0.8985
1138.0	0.9011
1139.0	0.9036
1140.0	0.9059
1141.0	0.9082
1142.0	0.9103
1143.0	0.9123
1144.0	0.9142
1145.0	0.9161
1146.0	0.9178
1147.0	0.9197
1148.0	0.9215
1149.0	0.9234
1150.0	0.9252
1151.0	0.9271
1152.0	0.9291
1153.0	0.9311
1154.0	0.9333
1155.0	0.9356
1156.0	0.9379
1157.0	0.9403
1158.0	0.9427
1159.0	0.9451
1160.0	0.9475
1161.0	0.95
1162.0	0.9525
1163.0	0.955
1164.0	0.9574
1165.0	0.9598
1166.0	0.9621
1167.0	0.9644
1168.0	0.9667
1169.0	0.9689
1170.0	0.9711
1171.0	0.9731
1172.0	0.975
1173.0	0.9769
1174.0	0.9786
1175.0	0.9802
1176.0	0.9816
1177.0	0.983
1178.0	0.9843
1179.0	0.9855
1180.0	0.9866
1181.0	0.9876
1182.0	0.9885
1183.0	0.9894
1184.0	0.9901
1185.0	0.9909
1186.0	0.9916
1187.0	0.9922
1188.0	0.9929
1189.0	0.9935
1190.0	0.9941
1191.0	0.9947
1192.0	0.9952
1193.0	0.9957
1194.0	0.9962
1195.0	0.9967
1196.0	0.9972
1197.0	0.9978
1198.0	0.9983
1199.0	0.9987
1200.0	0.9992
1201.0	0.9997
1202.0	1.0002
1203.0	1.0006
1204.0	1.0011
1205.0	1.0015
1206.0	1.0019
1207.0	1.0023
1208.0	1.0027
1209.0	1.0031
1210.0	1.0035
1211.0	1.0039
1212.0	1.0042
1213.0	1.0047
1214.0	1.0051
1215.0	1.0056
1216.0	1.0063
1217.0	1.0068
1218.0	1.0074
1219.0	1.0079
1220.0	1.0084
1221.0	1.0089
1222.0	1.0095
1223.0	1.01
1224.0	1.0105
1225.0	1.0109
1226.0	1.0113
1227.0	1.0116
1228.0	1.0119
1229.0	1.0122
1230.0	1.0125
1231.0	1.0128
1232.0	1.0129
1233.0	1.013
1234.0	1.013
1235.0	1.013
1236.0	1.0131
1237.0	1.0131
1238.0	1.0131
1239.0	1.013
1240.0	1.0129
1241.0	1.0126
1242.0	1.0124
1243.0	1.0121
1244.0	1.0118
1245.0	1.0115
1246.0	1.0112
1247.0	1.0109
1248.0	1.0104
1249.0	1.01
1250.0	1.0095
1251.0	1.009
1252.0	1.0083
1253.0	1.0077
1254.0	1.007
1255.0	1.0063
1256.0	1.0056
1257.0	1.0048
1258.0	1.0041
1259.0	1.0033
1260.0	1.0024
1261.0	1.0015
1262.0	1.0004
1263.0	0.9993
1264.0	0.9981
1265.0	0.9968
1266.0	0.9955
1267.0	0.9941
1268.0	0.9926
1269.0	0.991
1270.0	0.9891
1271.0	0.9871
1272.0	0.985
1273.0	0.9827
1274.0	0.9803
1275.0	0.9777
1276.0	0.975
1277.0	0.9721
1278.0	0.9691
1279.0	0.9661
1280.0	0.963
1281.0	0.9598
1282.0	0.9566
1283.0	0.9533
1284.0	0.9502
1285.0	0.947
1286.0	0.944
1287.0	0.941
1288.0	0.938
1289.0	0.9353
1290.0	0.9326
1291.0	0.9302
1292.0	0.9279
1293.0	0.9258
1294.0	0.9239
1295.0	0.9222
1296.0	0.9208
1297.0	0.9196
1298.0	0.9187
1299.0	0.9181
1300.0	0.9178
1301.0	0.9177
1302.0	0.9179
1303.0	0.9183
1304.0	0.919
1305.0	0.9199
1306.0	0.9209
1307.0	0.9222
1308.0	0.9237
1309.0	0.9253
1310.0	0.9271
1311.0	0.9291
1312.0	0.9312
1313.0	0.9335
1314.0	0.9358
1315.0	0.9383
1316.0	0.9409
1317.0	0.9435
1318.0	0.9463
1319.0	0.9491
1320.0	0.952
1321.0	0.9549
1322.0	0.958
1323.0	0.9612
1324.0	0.9644
1325.0	0.9677
1326.0	0.9709
1327.0	0.9741
1328.0	0.9774
1329.0	0.9807
1330.0	0.984
1331.0	0.9873
1332.0	0.9906
1333.0	0.9938
1334.0	0.9969
1335.0	1.0001
1336.0	1.0033
1337.0	1.0064
1338.0	1.0094
1339.0	1.0124
1340.0	1.0152
1341.0	1.018
1342.0	1.0206
1343.0	1.0232
1344.0	1.0257
1345.0	1.0279
1346.0	1.0299
1347.0	1.0318
1348.0	1.0335
1349.0	1.0351
1350.0	1.0366
1351.0	1.0379
1352.0	1.0392
1353.0	1.0402
1354.0	1.0411
1355.0	1.0421
1356.0	1.043
1357.0	1.044
1358.0	1.045
1359.0	1.046
1360.0	1.047
1361.0	1.0481
1362.0	1.0492
1363.0	1.0505
1364.0	1.0515
1365.0	1.0524
1366.0	1.0531
1367.0	1.0536
1368.0	1.0537
1369.0	1.0532
1370.0	1.052
1371.0	1.05
1372.0	1.0469
1373.0	1.0431
1374.0	1.0381
1375.0	1.032
1376.0	1.0249
1377.0	1.0165
1378.0	1.0072
1379.0	0.9972
1380.0	0.9862
1381.0	0.9746
1382.0	0.9624
1383.0	0.9494
1384.0	0.9359
1385.0	0.9216
1386.0	0.9065
1387.0	0.8908
1388.0	0.8743
1389.0	0.8574
1390.0	0.8398
1391.0	0.8216
1392.0	0.8031
1393.0	0.7843
1394.0	0.7647
1395.0	0.7456
1396.0	0.7265
1397.0	0.7074
1398.0	0.6889
1399.0	0.6708
1400.0	0.653
1401.0	0.6359
1402.0	0.619
1403.0	0.603
1404.0	0.5878
1405.0	0.5732
1406.0	0.5595
1407.0	0.5466
1408.0	0.5342
1409.0	0.5228
1410.0	0.5119
1411.0	0.5019
1412.0	0.4927
1413.0	0.484
1414.0	0.4761
1415.0	0.4689
1416.0	0.4621
1417.0	0.456
1418.0	0.4502
1419.0	0.445
1420.0	0.4403
1421.0	0.436
1422.0	0.4322
1423.0	0.4288
1424.0	0.4257
1425.0	0.4229
1426.0	0.4203
1427.0	0.4181
1428.0	0.4162
1429.0	0.4146
1430.0	0.4132
1431.0	0.412
1432.0	0.411
1433.0	0.4102
1434.0	0.4095
1435.0	0.4091
1436.0	0.4088
1437.0	0.4086
1438.0	0.4085
1439.0	0.4087
1440.0	0.4089
1441.0	0.4092
1442.0	0.4096
1443.0	0.41
1444.0	0.4104
1445.0	0.4109
1446.0	0.4115
1447.0	0.4121
1448.0	0.4127
1449.0	0.4134
1450.0	0.414
1451.0	0.4146
1452.0	0.4152
1453.0	0.416
1454.0	0.4167
1455.0	0.4176
1456.0	0.4185
1457.0	0.4194
1458.0	0.4204
1459.0	0.4215
1460.0	0.4227
1461.0	0.4241
1462.0	0.4256
1463.0	0.4272
1464.0	0.429
1465.0	0.431
1466.0	0.4331
1467.0	0.4354
1468.0	0.4378
1469.0	0.4404
1470.0	0.4432
1471.0	0.4461
1472.0	0.4491
1473.0	0.4522
1474.0	0.4555
1475.0	0.4588
1476.0	0.4622
1477.0	0.4657
1478.0	0.4692
1479.0	0.4727
1480.0	0.4762
1481.0	0.4798
1482.0	0.4834
1483.0	0.487
1484.0	0.4908
1485.0	0.4945
1486.0	0.4982
1487.0	0.502
1488.0	0.5056
1489.0	0.5093
1490.0	0.513
1491.0	0.5167
1492.0	0.5204
1493.0	0.5241
1494.0	0.5278
1495.0	0.5316
1496.0	0.5353
1497.0	0.539
1498.0	0.5426
1499.0	0.5462
1500.0	0.5499
1501.0	0.5535
1502.0	0.5572
1503.0	0.5608
1504.0	0.5643
1505.0	0.5679
1506.0	0.5713
1507.0	0.5747
1508.0	0.5782
1509.0	0.5816
1510.0	0.585
1511.0	0.5884
1512.0	0.5916
1513.0	0.5948
1514.0	0.598
1515.0	0.6011
1516.0	0.6043
1517.0	0.6075
1518.0	0.6105
1519.0	0.6135
1520.0	0.6164
1521.0	0.6192
1522.0	0.622
1523.0	0.6247
1524.0	0.6274
1525.0	0.6301
1526.0	0.6327
1527.0	0.6352
1528.0	0.6378
1529.0	0.6401
1530.0	0.6424
1531.0	0.6447
1532.0	0.6469
1533.0	0.6492
1534.0	0.6514
1535.0	0.6536
1536.0	0.6557
1537.0	0.6578
1538.0	0.6598
1539.0	0.6618
1540.0	0.6637
1541.0	0.6656
1542.0	0.6675
1543.0	0.6694
1544.0	0.6712
1545.0	0.673
1546.0	0.6746
1547.0	0.6763
1548.0	0.6779
1549.0	0.6795
1550.0	0.681
1551.0	0.6825
1552.0	0.6839
1553.0	0.6854
1554.0	0.6867
1555.0	0.6881
1556.0	0.6894
1557.0	0.6907
1558.0	0.6919
1559.0	0.6931
1560.0	0.6943
1561.0	0.6953
1562.0	0.6964
1563.0	0.6975
1564.0	0.6985
1565.0	0.6996
1566.0	0.7006
1567.0	0.7015
1568.0	0.7024
1569.0	0.7033
1570.0	0.7042
1571.0	0.7051
1572.0	0.7061
1573.0	0.7071
1574.0	0.708
1575.0	0.7087
1576.0	0.7095
1577.0	0.7103
1578.0	0.7111
1579.0	0.7119
1580.0	0.7127
1581.0	0.7134
1582.0	0.7142
1583.0	0.7149
1584.0	0.7157
1585.0	0.7164
1586.0	0.7171
1587.0	0.7179
1588.0	0.7187
1589.0	0.7194
1590.0	0.7201
1591.0	0.7208
1592.0	0.7215
1593.0	0.7222
1594.0	0.7228
1595.0	0.7235
1596.0	0.7241
1597.0	0.7247
1598.0	0.7253
1599.0	0.7259
1600.0	0.7265
1601.0	0.7271
1602.0	0.7276
1603.0	0.7281
1604.0	0.7287
1605.0	0.7291
1606.0	0.7295
1607.0	0.7299
1608.0	0.7303
1609.0	0.7306
1610.0	0.7309
1611.0	0.7312
1612.0	0.7314
1613.0	0.7316
1614.0	0.7317
1615.0	0.7319
1616.0	0.7318
1617.0	0.7318
1618.0	0.7318
1619.0	0.7317
1620.0	0.7316
1621.0	0.7315
1622.0	0.7312
1623.0	0.731
1624.0	0.7308
1625.0	0.7306
1626.0	0.7302
1627.0	0.7298
1628.0	0.7294
1629.0	0.7288
1630.0	0.7283
1631.0	0.7278
1632.0	0.7272
1633.0	0.7265
1634.0	0.7258
1635.0	0.7251
1636.0	0.7244
1637.0	0.7236
1638.0	0.7227
1639.0	0.7219
1640.0	0.7208
1641.0	0.7197
1642.0	0.7186
1643.0	0.7174
1644.0	0.7162
1645.0	0.7149
1646.0	0.7134
1647.0	0.712
1648.0	0.7104
1649.0	0.7089
1650.0	0.7072
1651.0	0.7055
1652.0	0.7036
1653.0	0.7016
1654.0	0.6997
1655.0	0.6976
1656.0	0.6955
1657.0	0.6932
1658.0	0.6908
1659.0	0.6883
1660.0	0.6857
1661.0	0.6831
1662.0	0.6804
1663.0	0.6778
1664.0	0.6751
1665.0	0.6724
1666.0	0.6697
1667.0	0.6671
1668.0	0.6646
1669.0	0.662
1670.0	0.6594
1671.0	0.6569
1672.0	0.6544
1673.0	0.6519
1674.0	0.6493
1675.0	0.6468
1676.0	0.6443
1677.0	0.6416
1678.0	0.639
1679.0	0.6363
1680.0	0.6335
1681.0	0.6306
1682.0	0.6277
1683.0	0.6247
1684.0	0.6216
1685.0	0.6185
1686.0	0.6154
1687.0	0.6123
1688.0	0.6092
1689.0	0.6062
1690.0	0.6031
1691.0	0.6
1692.0	0.597
1693.0	0.594
1694.0	0.5911
1695.0	0.5881
1696.0	0.5852
1697.0	0.5822
1698.0	0.5793
1699.0	0.5765
1700.0	0.5736
1701.0	0.5708
1702.0	0.5681
1703.0	0.5654
1704.0	0.5627
1705.0	0.5601
1706.0	0.5574
1707.0	0.5548
1708.0	0.5521
1709.0	0.5494
1710.0	0.5468
1711.0	0.5441
1712.0	0.5415
1713.0	0.5388
1714.0	0.5362
1715.0	0.5337
1716.0	0.531
1717.0	0.5285
1718.0	0.526
1719.0	0.5235
1720.0	0.5211
1721.0	0.5186
1722.0	0.5163
1723.0	0.514
1724.0	0.5119
1725.0	0.5099
1726.0	0.5079
1727.0	0.5059
1728.0	0.5041
1729.0	0.5024
1730.0	0.5006
1731.0	0.499
1732.0	0.4973
1733.0	0.4957
1734.0	0.4941
1735.0	0.4925
1736.0	0.4908
1737.0	0.489
1738.0	0.4872
1739.0	0.4854
1740.0	0.4834
1741.0	0.4814
1742.0	0.4793
1743.0	0.4772
1744.0	0.475
1745.0	0.4727
1746.0	0.4704
1747.0	0.4681
1748.0	0.4657
1749.0	0.4633
1750.0	0.4608
1751.0	0.4584
1752.0	0.4559
1753.0	0.4535
1754.0	0.4511
1755.0	0.4487
1756.0	0.4463
1757.0	0.4439
1758.0	0.4417
1759.0	0.4394
1760.0	0.4371
1761.0	0.435
1762.0	0.4329
1763.0	0.4307
1764.0	0.4287
1765.0	0.4266
1766.0	0.4245
1767.0	0.4225
1768.0	0.4205
1769.0	0.4186
1770.0	0.4166
1771.0	0.4147
1772.0	0.4128
1773.0	0.4109
1774.0	0.409
1775.0	0.4071
1776.0	0.4052
1777.0	0.4033
1778.0	0.4014
1779.0	0.3995
1780.0	0.3976
1781.0	0.3958
1782.0	0.394
1783.0	0.3921
1784.0	0.3902
1785.0	0.3883
1786.0	0.3864
1787.0	0.3845
1788.0	0.3827
1789.0	0.3808
1790.0	0.3789
1791.0	0.3769
1792.0	0.375
1793.0	0.3731
1794.0	0.3712
1795.0	0.3692
1796.0	0.3672
1797.0	0.3651
1798.0	0.363
1799.0	0.361
1800.0	0.3589
1801.0	0.3569
1802.0	0.3548
1803.0	0.3526
1804.0	0.3504
1805.0	0.3481
1806.0	0.3458
1807.0	0.3435
1808.0	0.3412
1809.0	0.3389
1810.0	0.3364
1811.0	0.3339
1812.0	0.3313
1813.0	0.3286
1814.0	0.3259
1815.0	0.3232
1816.0	0.3204
1817.0	0.3175
1818.0	0.3146
1819.0	0.3116
1820.0	0.3085
1821.0	0.3052
1822.0	0.3019
1823.0	0.2985
1824.0	0.2949
1825.0	0.2912
1826.0	0.2872
1827.0	0.2829
1828.0	0.2784
1829.0	0.2736
1830.0	0.2685
1831.0	0.6503
1832.0	0.652
1833.0	0.6534
1834.0	0.6549
1835.0	0.6566
1836.0	0.6579
1837.0	0.6591
1838.0	0.6602
1839.0	0.6614
1840.0	0.6624
1841.0	0.6633
1842.0	0.6643
1843.0	0.6647
1844.0	0.6647
1845.0	0.6643
1846.0	0.6635
1847.0	0.6622
1848.0	0.6608
1849.0	0.659
1850.0	0.6566
1851.0	0.654
1852.0	0.6508
1853.0	0.647
1854.0	0.6427
1855.0	0.6381
1856.0	0.6327
1857.0	0.6268
1858.0	0.6202
1859.0	0.6128
1860.0	0.6049
1861.0	0.5959
1862.0	0.5864
1863.0	0.5758
1864.0	0.5642
1865.0	0.552
1866.0	0.5391
1867.0	0.5254
1868.0	0.5113
1869.0	0.4969
1870.0	0.4821
1871.0	0.4674
1872.0	0.4522
1873.0	0.4367
1874.0	0.4213
1875.0	0.4052
1876.0	0.3891
1877.0	0.3728
1878.0	0.3566
1879.0	0.34
1880.0	0.3238
1881.0	0.3073
1882.0	0.2908
1883.0	0.2747
1884.0	0.2586
1885.0	0.2429
1886.0	0.2279
1887.0	0.2136
1888.0	0.1995
1889.0	0.1864
1890.0	0.174
1891.0	0.1623
1892.0	0.1518
1893.0	0.1418
1894.0	0.1326
1895.0	0.1245
1896.0	0.1171
1897.0	0.1103
1898.0	0.1041
1899.0	0.0986
1900.0	0.0936
1901.0	0.089
1902.0	0.0852
1903.0	0.082
1904.0	0.0791
1905.0	0.0765
1906.0	0.0744
1907.0	0.0726
1908.0	0.0711
1909.0	0.07
1910.0	0.069
1911.0	0.0681
1912.0	0.0674
1913.0	0.0668
1914.0	0.0663
1915.0	0.0659
1916.0	0.0653
1917.0	0.0649
1918.0	0.0646
1919.0	0.0643
1920.0	0.0643
1921.0	0.0642
1922.0	0.0642
1923.0	0.0644
1924.0	0.0645
1925.0	0.0646
1926.0	0.065
1927.0	0.0653
1928.0	0.0656
1929.0	0.0661
1930.0	0.0665
1931.0	0.0669
1932.0	0.0674
1933.0	0.0679
1934.0	0.0684
1935.0	0.0687
1936.0	0.0694
1937.0	0.0701
1938.0	0.0707
1939.0	0.0715
1940.0	0.0724
1941.0	0.0731
1942.0	0.0739
1943.0	0.0748
1944.0	0.0758
1945.0	0.0768
1946.0	0.0779
1947.0	0.079
1948.0	0.0802
1949.0	0.0813
1950.0	0.0822
1951.0	0.0831
1952.0	0.0841
1953.0	0.0851
1954.0	0.0863
1955.0	0.0878
1956.0	0.0891
1957.0	0.0904
1958.0	0.0917
1959.0	0.0928
1960.0	0.0942
1961.0	0.0957
1962.0	0.0973
1963.0	0.099
1964.0	0.1006
1965.0	0.1022
1966.0	0.1038
1967.0	0.1054
1968.0	0.107
1969.0	0.1087
1970.0	0.1106
1971.0	0.1123
1972.0	0.1141
1973.0	0.1161
1974.0	0.1178
1975.0	0.1194
1976.0	0.1212
1977.0	0.123
1978.0	0.1251
1979.0	0.1274
1980.0	0.1295
1981.0	0.1316
1982.0	0.1337
1983.0	0.1358
1984.0	0.1378
1985.0	0.1397
1986.0	0.1418
1987.0	0.1437
1988.0	0.1458
1989.0	0.1481
1990.0	0.1502
1991.0	0.1525
1992.0	0.1549
1993.0	0.1572
1994.0	0.1596
1995.0	0.1619
1996.0	0.164
1997.0	0.1661
1998.0	0.1683
1999.0	0.1705
2000.0	0.1728
2001.0	0.1749
2002.0	0.177
2003.0	0.1791
2004.0	0.1812
2005.0	0.1831
2006.0	0.1851
2007.0	0.1872
2008.0	0.1892
2009.0	0.1914
2010.0	0.1935
2011.0	0.1955
2012.0	0.1975
2013.0	0.1995
2014.0	0.2013
2015.0	0.2031
2016.0	0.2049
2017.0	0.2067
2018.0	0.2084
2019.0	0.21
2020.0	0.2115
2021.0	0.2131
2022.0	0.2146
2023.0	0.216
2024.0	0.2175
2025.0	0.2188
2026.0	0.2199
2027.0	0.2212
2028.0	0.2224
2029.0	0.2235
2030.0	0.2245
2031.0	0.2255
2032.0	0.2265
2033.0	0.2276
2034.0	0.2285
2035.0	0.2296
2036.0	0.2304
2037.0	0.2311
2038.0	0.2319
2039.0	0.2327
2040.0	0.2335
2041.0	0.2343
2042.0	0.2349
2043.0	0.2354
2044.0	0.2358
2045.0	0.2361
2046.0	0.2367
2047.0	0.2374
2048.0	0.2379
2049.0	0.2386
2050.0	0.2394
2051.0	0.2401
2052.0	0.2409
2053.0	0.2416
2054.0	0.2422
2055.0	0.2428
2056.0	0.2434
2057.0	0.244
2058.0	0.2446
2059.0	0.2453
2060.0	0.2459
2061.0	0.2465
2062.0	0.247
2063.0	0.2476
2064.0	0.2482
2065.0	0.2489
2066.0	0.2497
2067.0	0.2507
2068.0	0.2515
2069.0	0.2524
2070.0	0.2531
2071.0	0.2537
2072.0	0.2543
2073.0	0.2548
2074.0	0.2554
2075.0	0.2559
2076.0	0.2564
2077.0	0.257
2078.0	0.2575
2079.0	0.258
2080.0	0.2587
2081.0	0.2593
2082.0	0.26
2083.0	0.2607
2084.0	0.2614
2085.0	0.2621
2086.0	0.2627
2087.0	0.2633
2088.0	0.2639
2089.0	0.2644
2090.0	0.2649
2091.0	0.2656
2092.0	0.2661
2093.0	0.2666
2094.0	0.2672
2095.0	0.2678
2096.0	0.2685
2097.0	0.2692
2098.0	0.2699
2099.0	0.2705
2100.0	0.2711
2101.0	0.2715
2102.0	0.272
2103.0	0.2726
2104.0	0.2732
2105.0	0.2739
2106.0	0.2744
2107.0	0.2751
2108.0	0.2758
2109.0	0.2763
2110.0	0.277
2111.0	0.2776
2112.0	0.2781
2113.0	0.2786
2114.0	0.279
2115.0	0.2794
2116.0	0.2798
2117.0	0.2803
2118.0	0.2809
2119.0	0.2815
2120.0	0.2822
2121.0	0.2827
2122.0	0.283
2123.0	0.2835
2124.0	0.2839
2125.0	0.2844
2126.0	0.285
2127.0	0.2854
2128.0	0.2858
2129.0	0.286
2130.0	0.2862
2131.0	0.2867
2132.0	0.2871
2133.0	0.2874
2134.0	0.2877
2135.0	0.288
2136.0	0.2883
2137.0	0.2886
2138.0	0.289
2139.0	0.2895
2140.0	0.2899
2141.0	0.2902
2142.0	0.2905
2143.0	0.2908
2144.0	0.2911
2145.0	0.2916
2146.0	0.292
2147.0	0.2924
2148.0	0.2928
2149.0	0.2932
2150.0	0.2933
2151.0	0.2935
2152.0	0.2938
2153.0	0.294
2154.0	0.2944
2155.0	0.2946
2156.0	0.2948
2157.0	0.295
2158.0	0.2952
2159.0	0.2954
2160.0	0.2957
2161.0	0.296
2162.0	0.2963
2163.0	0.2966
2164.0	0.297
2165.0	0.2973
2166.0	0.2974
2167.0	0.2977
2168.0	0.298
2169.0	0.298
2170.0	0.298
2171.0	0.298
2172.0	0.2982
2173.0	0.2984
2174.0	0.2986
2175.0	0.299
2176.0	0.2992
2177.0	0.2991
2178.0	0.2993
2179.0	0.2997
2180.0	0.2999
2181.0	0.3
2182.0	0.3
2183.0	0.3
2184.0	0.3
2185.0	0.3001
2186.0	0.3
2187.0	0.2998
2188.0	0.2996
2189.0	0.2993
2190.0	0.2993
2191.0	0.2992
2192.0	0.299
2193.0	0.2989
2194.0	0.2987
2195.0	0.2984
2196.0	0.2981
2197.0	0.2979
2198.0	0.2976
2199.0	0.2971
2200.0	0.2968
2201.0	0.2962
2202.0	0.2956
2203.0	0.2951
2204.0	0.2946
2205.0	0.2941
2206.0	0.2936
2207.0	0.2931
2208.0	0.2928
2209.0	0.2924
2210.0	0.292
2211.0	0.2915
2212.0	0.291
2213.0	0.2904
2214.0	0.2898
2215.0	0.289
2216.0	0.2882
2217.0	0.2872
2218.0	0.2863
2219.0	0.2853
2220.0	0.2841
2221.0	0.2829
2222.0	0.2816
2223.0	0.2804
2224.0	0.279
2225.0	0.2777
2226.0	0.276
2227.0	0.2742
2228.0	0.2724
2229.0	0.2705
2230.0	0.2686
2231.0	0.2668
2232.0	0.2648
2233.0	0.2627
2234.0	0.2605
2235.0	0.2581
2236.0	0.2556
2237.0	0.2529
2238.0	0.2504
2239.0	0.2478
2240.0	0.2451
2241.0	0.2425
2242.0	0.2398
2243.0	0.2369
2244.0	0.2341
2245.0	0.2311
2246.0	0.2283
2247.0	0.2256
2248.0	0.2228
2249.0	0.2199
2250.0	0.2169
2251.0	0.2138
2252.0	0.2108
2253.0	0.208
2254.0	0.2053
2255.0	0.2025
2256.0	0.1999
2257.0	0.1973
2258.0	0.1948
2259.0	0.1923
2260.0	0.1898
2261.0	0.1875
2262.0	0.1852
2263.0	0.183
2264.0	0.1808
2265.0	0.1786
2266.0	0.1764
2267.0	0.1743
2268.0	0.1722
2269.0	0.1702
2270.0	0.168
2271.0	0.1661
2272.0	0.1642
2273.0	0.1626
2274.0	0.1613
2275.0	0.1598
2276.0	0.1584
2277.0	0.157
2278.0	0.1555
2279.0	0.1541
2280.0	0.1527
2281.0	0.1513
2282.0	0.15
2283.0	0.1488
2284.0	0.1474
2285.0	0.1461
2286.0	0.1448
2287.0	0.1433
2288.0	0.1419
2289.0	0.1405
2290.0	0.1391
2291.0	0.1377
2292.0	0.1363
2293.0	0.1348
2294.0	0.1333
2295.0	0.1318
2296.0	0.1302
2297.0	0.1286
2298.0	0.1272
2299.0	0.1257
2300.0	0.1242
2301.0	0.1229
2302.0	0.1216
2303.0	0.1202
2304.0	0.119
2305.0	0.1175
2306.0	0.116
2307.0	0.115
2308.0	0.1141
2309.0	0.1133
2310.0	0.1125
2311.0	0.1113
2312.0	0.1103
2313.0	0.1094
2314.0	0.1086
2315.0	0.1079
2316.0	0.107
2317.0	0.1059
2318.0	0.105
2319.0	0.1041
2320.0	0.1033
2321.0	0.1026
2322.0	0.1018
2323.0	0.101
2324.0	0.1001
2325.0	0.0991
2326.0	0.0981
2327.0	0.0969
2328.0	0.0959
2329.0	0.095
2330.0	0.0942
2331.0	0.0932
2332.0	0.0922
2333.0	0.0914
2334.0	0.0902
2335.0	0.0891
2336.0	0.088
2337.0	0.0867
2338.0	0.0855
2339.0	0.0844
2340.0	0.0834
2341.0	0.0821
2342.0	0.0812
2343.0	0.0804
2344.0	0.0795
2345.0	0.0787
2346.0	0.0778
2347.0	0.0768
2348.0	0.0759
2349.0	0.075
2350.0	0.0743
2351.0	0.0735
2352.0	0.0725
2353.0	0.0718
2354.0	0.0712
2355.0	0.0705
2356.0	0.07
2357.0	0.0693
2358.0	0.0686
2359.0	0.0677
2360.0	0.0668
2361.0	0.0659
2362.0	0.0651
2363.0	0.0644
2364.0	0.0638
2365.0	0.0632
2366.0	0.0623
2367.0	0.0614
2368.0	0.0608
2369.0	0.06
2370.0	0.0592
2371.0	0.0585
2372.0	0.0577
2373.0	0.0567
2374.0	0.056
2375.0	0.0554
2376.0	0.0546
2377.0	0.054
2378.0	0.0532
2379.0	0.0524
2380.0	0.0518
2381.0	0.0512
2382.0	0.0507
2383.0	0.0501
2384.0	0.0493
2385.0	0.0486
2386.0	0.0477
2387.0	0.0469
2388.0	0.0464
2389.0	0.0457
2390.0	0.045
2391.0	0.0445
2392.0	0.0437
2393.0	0.0429
2394.0	0.0423
2395.0	0.0417
2396.0	0.0409
2397.0	0.0402
2398.0	0.0396
2399.0	0.0388
2400.0	0.0383
2401.0	0.0378
2402.0	0.0371
2403.0	0.0366
2404.0	0.0362
2405.0	0.0356
2406.0	0.035
2407.0	0.0343
2408.0	0.0334
2409.0	0.0327
2410.0	0.0321
2411.0	0.0318
2412.0	0.0314
2413.0	0.0309
2414.0	0.0303
2415.0	0.0296
2416.0	0.0289
2417.0	0.0283
2418.0	0.0277
2419.0	0.0273
2420.0	0.027
2421.0	0.0265
2422.0	0.0261
2423.0	0.0258
2424.0	0.0253
2425.0	0.025
2426.0	0.0247
2427.0	0.0241
2428.0	0.0235
2429.0	0.023
2430.0	0.0225
2431.0	0.0222
2432.0	0.0216
2433.0	0.0209
2434.0	0.0203
2435.0	0.0198
2436.0	0.0196
2437.0	0.0194
2438.0	0.0191
2439.0	0.0188
2440.0	0.0183
2441.0	0.0181
2442.0	0.0181
2443.0	0.0179
2444.0	0.0175
2445.0	0.0171
2446.0	0.0168
2447.0	0.0164
2448.0	0.0162
2449.0	0.016
2450.0	0.0155
2451.0	0.0148
2452.0	0.0146
2453.0	0.0142
2454.0	0.0141
2455.0	0.0142
2456.0	0.0139
2457.0	0.0135
2458.0	0.0132
2459.0	0.0129
2460.0	0.0127
2461.0	0.0127
2462.0	0.0125
2463.0	0.0123
2464.0	0.0119
2465.0	0.0116
2466.0	0.0111
2467.0	0.0108
2468.0	0.0107
2469.0	0.0106
2470.0	0.0104
2471.0	0.0102
2472.0	0.0099
2473.0	0.0098
2474.0	0.0096
2475.0	0.0095
2476.0	0.0094
2477.0	0.0094
2478.0	0.0093
2479.0	0.0092
2480.0	0.0089
2481.0	0.0086
2482.0	0.0082
2483.0	0.008
2484.0	0.0081
2485.0	0.0079
2486.0	0.0078
2487.0	0.0076
2488.0	0.0072
2489.0	0.007
2490.0	0.0071
2491.0	0.0068
2492.0	0.0069
2493.0	0.0068
2494.0	0.0068
2495.0	0.0068
2496.0	0.0069
2497.0	0.0067
2498.0	0.0062
2499.0	0.0058
2500.0	0.0054
