Bands	Reflectance
350.0	0.0008
351.0	0.0007
352.0	0.0007
353.0	0.0008
354.0	0.0009
355.0	0.001
356.0	0.0011
357.0	0.001
358.0	0.001
359.0	0.001
360.0	0.0011
361.0	0.0011
362.0	0.001
363.0	0.001
364.0	0.0012
365.0	0.0013
366.0	0.0012
367.0	0.0013
368.0	0.0014
369.0	0.0014
370.0	0.0014
371.0	0.0015
372.0	0.0015
373.0	0.0015
374.0	0.0014
375.0	0.0015
376.0	0.0015
377.0	0.0017
378.0	0.002
379.0	0.0017
380.0	0.0016
381.0	0.0017
382.0	0.0018
383.0	0.0019
384.0	0.0018
385.0	0.0018
386.0	0.0019
387.0	0.002
388.0	0.002
389.0	0.0019
390.0	0.0018
391.0	0.002
392.0	0.0021
393.0	0.0021
394.0	0.0023
395.0	0.0023
396.0	0.0022
397.0	0.0022
398.0	0.0025
399.0	0.0026
400.0	0.0026
401.0	0.0028
402.0	0.003
403.0	0.003
404.0	0.0028
405.0	0.003
406.0	0.0031
407.0	0.0033
408.0	0.0035
409.0	0.0033
410.0	0.0035
411.0	0.004
412.0	0.0043
413.0	0.0042
414.0	0.0044
415.0	0.0047
416.0	0.0048
417.0	0.0048
418.0	0.0049
419.0	0.0051
420.0	0.0053
421.0	0.0056
422.0	0.0059
423.0	0.006
424.0	0.0063
425.0	0.0066
426.0	0.0067
427.0	0.0069
428.0	0.0072
429.0	0.0074
430.0	0.0077
431.0	0.0078
432.0	0.008
433.0	0.0081
434.0	0.0082
435.0	0.0084
436.0	0.0086
437.0	0.0089
438.0	0.0091
439.0	0.0092
440.0	0.0094
441.0	0.0099
442.0	0.0101
443.0	0.0101
444.0	0.0103
445.0	0.0104
446.0	0.0107
447.0	0.0109
448.0	0.0109
449.0	0.011
450.0	0.0112
451.0	0.0114
452.0	0.0116
453.0	0.0118
454.0	0.0119
455.0	0.012
456.0	0.012
457.0	0.0122
458.0	0.0123
459.0	0.0124
460.0	0.0127
461.0	0.0125
462.0	0.0124
463.0	0.0129
464.0	0.0129
465.0	0.013
466.0	0.013
467.0	0.0131
468.0	0.0133
469.0	0.0136
470.0	0.0138
471.0	0.0138
472.0	0.0138
473.0	0.014
474.0	0.0144
475.0	0.0144
476.0	0.0145
477.0	0.0147
478.0	0.0149
479.0	0.0151
480.0	0.0153
481.0	0.0155
482.0	0.0158
483.0	0.016
484.0	0.0161
485.0	0.0163
486.0	0.0169
487.0	0.0171
488.0	0.0172
489.0	0.0177
490.0	0.018
491.0	0.0182
492.0	0.0184
493.0	0.0189
494.0	0.0192
495.0	0.0196
496.0	0.0202
497.0	0.0204
498.0	0.0209
499.0	0.0217
500.0	0.0221
501.0	0.0226
502.0	0.0233
503.0	0.0241
504.0	0.0247
505.0	0.0253
506.0	0.026
507.0	0.0269
508.0	0.0277
509.0	0.0284
510.0	0.0292
511.0	0.0303
512.0	0.0314
513.0	0.0325
514.0	0.0336
515.0	0.0346
516.0	0.0358
517.0	0.0372
518.0	0.0384
519.0	0.0397
520.0	0.0411
521.0	0.0425
522.0	0.044
523.0	0.0456
524.0	0.0473
525.0	0.0489
526.0	0.0504
527.0	0.0521
528.0	0.0538
529.0	0.0555
530.0	0.0572
531.0	0.0591
532.0	0.061
533.0	0.063
534.0	0.065
535.0	0.0668
536.0	0.0689
537.0	0.0708
538.0	0.0727
539.0	0.0748
540.0	0.0767
541.0	0.0784
542.0	0.0801
543.0	0.0816
544.0	0.0831
545.0	0.0845
546.0	0.0857
547.0	0.0866
548.0	0.0875
549.0	0.0885
550.0	0.0894
551.0	0.0905
552.0	0.0916
553.0	0.0928
554.0	0.0939
555.0	0.0947
556.0	0.0956
557.0	0.0968
558.0	0.0977
559.0	0.0984
560.0	0.0989
561.0	0.099
562.0	0.0989
563.0	0.0987
564.0	0.0983
565.0	0.098
566.0	0.0973
567.0	0.0964
568.0	0.0956
569.0	0.0949
570.0	0.0942
571.0	0.0935
572.0	0.0928
573.0	0.092
574.0	0.0913
575.0	0.0906
576.0	0.0894
577.0	0.0887
578.0	0.0883
579.0	0.0878
580.0	0.0875
581.0	0.0875
582.0	0.0877
583.0	0.0878
584.0	0.088
585.0	0.0882
586.0	0.0884
587.0	0.0887
588.0	0.0889
589.0	0.0891
590.0	0.0894
591.0	0.0895
592.0	0.0896
593.0	0.0899
594.0	0.0903
595.0	0.0907
596.0	0.0911
597.0	0.0914
598.0	0.0919
599.0	0.0924
600.0	0.0926
601.0	0.0929
602.0	0.0928
603.0	0.0926
604.0	0.0924
605.0	0.0923
606.0	0.0918
607.0	0.0914
608.0	0.0913
609.0	0.0909
610.0	0.0905
611.0	0.0904
612.0	0.0902
613.0	0.0897
614.0	0.0892
615.0	0.0889
616.0	0.0888
617.0	0.0887
618.0	0.0886
619.0	0.0885
620.0	0.0884
621.0	0.0884
622.0	0.0885
623.0	0.0885
624.0	0.0887
625.0	0.089
626.0	0.089
627.0	0.0893
628.0	0.0895
629.0	0.0896
630.0	0.0901
631.0	0.0905
632.0	0.0908
633.0	0.0912
634.0	0.0917
635.0	0.0918
636.0	0.0917
637.0	0.0917
638.0	0.0915
639.0	0.0914
640.0	0.0913
641.0	0.0909
642.0	0.0905
643.0	0.0902
644.0	0.0899
645.0	0.0895
646.0	0.0894
647.0	0.0891
648.0	0.0885
649.0	0.0883
650.0	0.0881
651.0	0.0875
652.0	0.0874
653.0	0.0873
654.0	0.0873
655.0	0.0872
656.0	0.087
657.0	0.087
658.0	0.0871
659.0	0.0867
660.0	0.0866
661.0	0.0865
662.0	0.0864
663.0	0.0862
664.0	0.0862
665.0	0.0863
666.0	0.0866
667.0	0.0869
668.0	0.0873
669.0	0.0879
670.0	0.0886
671.0	0.0893
672.0	0.09
673.0	0.091
674.0	0.0921
675.0	0.0933
676.0	0.0945
677.0	0.0956
678.0	0.0967
679.0	0.0982
680.0	0.0999
681.0	0.1018
682.0	0.1039
683.0	0.1062
684.0	0.1086
685.0	0.1113
686.0	0.1143
687.0	0.1177
688.0	0.1215
689.0	0.1256
690.0	0.1303
691.0	0.136
692.0	0.1424
693.0	0.1495
694.0	0.1579
695.0	0.1678
696.0	0.1792
697.0	0.1925
698.0	0.2079
699.0	0.2255
700.0	0.2454
701.0	0.2676
702.0	0.2918
703.0	0.3182
704.0	0.3461
705.0	0.3753
706.0	0.4058
707.0	0.4377
708.0	0.4705
709.0	0.5038
710.0	0.5372
711.0	0.5706
712.0	0.6044
713.0	0.6382
714.0	0.6716
715.0	0.7047
716.0	0.7374
717.0	0.7694
718.0	0.8011
719.0	0.8323
720.0	0.8629
721.0	0.8925
722.0	0.9211
723.0	0.9487
724.0	0.9755
725.0	1.0019
726.0	1.0272
727.0	1.0515
728.0	1.075
729.0	1.0972
730.0	1.1187
731.0	1.1393
732.0	1.1585
733.0	1.1774
734.0	1.1959
735.0	1.2138
736.0	1.2304
737.0	1.2462
738.0	1.2612
739.0	1.2755
740.0	1.2897
741.0	1.3032
742.0	1.3158
743.0	1.3281
744.0	1.34
745.0	1.3512
746.0	1.3618
747.0	1.3716
748.0	1.3813
749.0	1.3904
750.0	1.3988
751.0	1.4072
752.0	1.415
753.0	1.4222
754.0	1.4291
755.0	1.4351
756.0	1.4406
757.0	1.4459
758.0	1.4512
759.0	1.4561
760.0	1.4606
761.0	1.4647
762.0	1.4685
763.0	1.472
764.0	1.4751
765.0	1.478
766.0	1.481
767.0	1.4835
768.0	1.4855
769.0	1.4875
770.0	1.4886
771.0	1.4897
772.0	1.4909
773.0	1.4917
774.0	1.4923
775.0	1.4926
776.0	1.4925
777.0	1.492
778.0	1.4914
779.0	1.4908
780.0	1.4899
781.0	1.4884
782.0	1.4868
783.0	1.4849
784.0	1.4826
785.0	1.4806
786.0	1.4786
787.0	1.4765
788.0	1.4739
789.0	1.4714
790.0	1.4687
791.0	1.4657
792.0	1.4629
793.0	1.4597
794.0	1.4563
795.0	1.4528
796.0	1.4489
797.0	1.4449
798.0	1.441
799.0	1.4368
800.0	1.4326
801.0	1.4283
802.0	1.4239
803.0	1.4197
804.0	1.4152
805.0	1.4104
806.0	1.4055
807.0	1.401
808.0	1.396
809.0	1.3906
810.0	1.3854
811.0	1.3796
812.0	1.3738
813.0	1.3682
814.0	1.3623
815.0	1.3572
816.0	1.3519
817.0	1.3462
818.0	1.3404
819.0	1.3344
820.0	1.3286
821.0	1.323
822.0	1.3167
823.0	1.3102
824.0	1.3041
825.0	1.2987
826.0	1.2921
827.0	1.2859
828.0	1.28
829.0	1.2737
830.0	1.268
831.0	1.2621
832.0	1.2561
833.0	1.2504
834.0	1.2443
835.0	1.2382
836.0	1.2322
837.0	1.2258
838.0	1.2198
839.0	1.2137
840.0	1.207
841.0	1.2008
842.0	1.1945
843.0	1.1883
844.0	1.1822
845.0	1.1762
846.0	1.1703
847.0	1.1644
848.0	1.1584
849.0	1.1526
850.0	1.1469
851.0	1.1412
852.0	1.1355
853.0	1.1297
854.0	1.1236
855.0	1.1177
856.0	1.1122
857.0	1.106
858.0	1.0997
859.0	1.0938
860.0	1.0878
861.0	1.0817
862.0	1.0755
863.0	1.0691
864.0	1.0629
865.0	1.0569
866.0	1.0508
867.0	1.0443
868.0	1.038
869.0	1.0313
870.0	1.0247
871.0	1.0185
872.0	1.0117
873.0	1.0051
874.0	0.9985
875.0	0.9917
876.0	0.9854
877.0	0.9787
878.0	0.9718
879.0	0.9653
880.0	0.9585
881.0	0.9515
882.0	0.9445
883.0	0.9376
884.0	0.9308
885.0	0.9239
886.0	0.917
887.0	0.9108
888.0	0.9039
889.0	0.897
890.0	0.8904
891.0	0.8836
892.0	0.8768
893.0	0.8702
894.0	0.8636
895.0	0.8566
896.0	0.8495
897.0	0.8423
898.0	0.835
899.0	0.8279
900.0	0.821
901.0	0.8141
902.0	0.8071
903.0	0.8005
904.0	0.7937
905.0	0.7867
906.0	0.7795
907.0	0.7726
908.0	0.7654
909.0	0.7577
910.0	0.7497
911.0	0.7429
912.0	0.7366
913.0	0.7298
914.0	0.7222
915.0	0.7151
916.0	0.7084
917.0	0.7017
918.0	0.6945
919.0	0.6876
920.0	0.6806
921.0	0.6735
922.0	0.6666
923.0	0.6597
924.0	0.6529
925.0	0.6461
926.0	0.639
927.0	0.6321
928.0	0.6252
929.0	0.6182
930.0	0.6111
931.0	0.6038
932.0	0.5968
933.0	0.5899
934.0	0.5828
935.0	0.576
936.0	0.5691
937.0	0.5623
938.0	0.5557
939.0	0.5491
940.0	0.5422
941.0	0.5355
942.0	0.5291
943.0	0.5223
944.0	0.5157
945.0	0.5092
946.0	0.5027
947.0	0.4963
948.0	0.49
949.0	0.4835
950.0	0.4767
951.0	0.4706
952.0	0.4641
953.0	0.4577
954.0	0.4517
955.0	0.4453
956.0	0.4393
957.0	0.4333
958.0	0.4273
959.0	0.4214
960.0	0.4154
961.0	0.4094
962.0	0.4036
963.0	0.3976
964.0	0.3919
965.0	0.3865
966.0	0.381
967.0	0.3755
968.0	0.37
969.0	0.3644
970.0	0.3588
971.0	0.3535
972.0	0.3484
973.0	0.3431
974.0	0.3378
975.0	0.3324
976.0	0.3275
977.0	0.3225
978.0	0.3173
979.0	0.3123
980.0	0.3071
981.0	0.3021
982.0	0.2973
983.0	0.2925
984.0	0.288
985.0	0.2831
986.0	0.2781
987.0	0.2734
988.0	0.2689
989.0	0.2642
990.0	0.2594
991.0	0.2547
992.0	0.2504
993.0	0.246
994.0	0.2414
995.0	0.2369
996.0	0.2324
997.0	0.228
998.0	0.2237
999.0	0.2194
1000.0	0.2153
1001.0	0.3625
1002.0	0.3648
1003.0	0.367
1004.0	0.3693
1005.0	0.3718
1006.0	0.3741
1007.0	0.3764
1008.0	0.3787
1009.0	0.3808
1010.0	0.3829
1011.0	0.3852
1012.0	0.3874
1013.0	0.3896
1014.0	0.3918
1015.0	0.394
1016.0	0.3961
1017.0	0.3982
1018.0	0.4005
1019.0	0.4027
1020.0	0.4049
1021.0	0.4071
1022.0	0.4094
1023.0	0.4116
1024.0	0.4138
1025.0	0.416
1026.0	0.4183
1027.0	0.4206
1028.0	0.423
1029.0	0.4255
1030.0	0.4279
1031.0	0.4304
1032.0	0.4329
1033.0	0.4354
1034.0	0.4379
1035.0	0.4406
1036.0	0.4432
1037.0	0.4459
1038.0	0.4487
1039.0	0.4516
1040.0	0.4545
1041.0	0.4576
1042.0	0.4607
1043.0	0.4639
1044.0	0.4671
1045.0	0.4704
1046.0	0.474
1047.0	0.4776
1048.0	0.4813
1049.0	0.4851
1050.0	0.489
1051.0	0.493
1052.0	0.4971
1053.0	0.5013
1054.0	0.5057
1055.0	0.5101
1056.0	0.5145
1057.0	0.5189
1058.0	0.5233
1059.0	0.5279
1060.0	0.5323
1061.0	0.5368
1062.0	0.5413
1063.0	0.5457
1064.0	0.5501
1065.0	0.5546
1066.0	0.5591
1067.0	0.5635
1068.0	0.5679
1069.0	0.5723
1070.0	0.5766
1071.0	0.581
1072.0	0.5853
1073.0	0.5896
1074.0	0.594
1075.0	0.5983
1076.0	0.6026
1077.0	0.6069
1078.0	0.6111
1079.0	0.6154
1080.0	0.6197
1081.0	0.624
1082.0	0.6284
1083.0	0.6327
1084.0	0.637
1085.0	0.6414
1086.0	0.6459
1087.0	0.6503
1088.0	0.6549
1089.0	0.6595
1090.0	0.6641
1091.0	0.6687
1092.0	0.6734
1093.0	0.6782
1094.0	0.6829
1095.0	0.6876
1096.0	0.6925
1097.0	0.6974
1098.0	0.7023
1099.0	0.7073
1100.0	0.7124
1101.0	0.7175
1102.0	0.7225
1103.0	0.7277
1104.0	0.7328
1105.0	0.738
1106.0	0.7432
1107.0	0.7484
1108.0	0.7538
1109.0	0.7591
1110.0	0.7645
1111.0	0.7698
1112.0	0.7751
1113.0	0.7804
1114.0	0.7857
1115.0	0.7909
1116.0	0.7961
1117.0	0.8013
1118.0	0.8065
1119.0	0.8116
1120.0	0.8166
1121.0	0.8217
1122.0	0.8266
1123.0	0.8316
1124.0	0.8363
1125.0	0.8411
1126.0	0.8457
1127.0	0.8501
1128.0	0.8544
1129.0	0.8586
1130.0	0.8626
1131.0	0.8665
1132.0	0.8703
1133.0	0.8739
1134.0	0.8774
1135.0	0.8807
1136.0	0.8838
1137.0	0.8868
1138.0	0.8896
1139.0	0.8924
1140.0	0.895
1141.0	0.8975
1142.0	0.8998
1143.0	0.902
1144.0	0.904
1145.0	0.9061
1146.0	0.9081
1147.0	0.9102
1148.0	0.9123
1149.0	0.9144
1150.0	0.9165
1151.0	0.9186
1152.0	0.9209
1153.0	0.9232
1154.0	0.9255
1155.0	0.9278
1156.0	0.9302
1157.0	0.9326
1158.0	0.9351
1159.0	0.9377
1160.0	0.9403
1161.0	0.9427
1162.0	0.9452
1163.0	0.9477
1164.0	0.9502
1165.0	0.9526
1166.0	0.955
1167.0	0.9574
1168.0	0.9596
1169.0	0.9619
1170.0	0.964
1171.0	0.9661
1172.0	0.968
1173.0	0.9699
1174.0	0.9716
1175.0	0.9733
1176.0	0.9749
1177.0	0.9763
1178.0	0.9775
1179.0	0.9787
1180.0	0.9798
1181.0	0.9808
1182.0	0.9818
1183.0	0.9827
1184.0	0.9834
1185.0	0.9842
1186.0	0.9849
1187.0	0.9856
1188.0	0.9863
1189.0	0.987
1190.0	0.9876
1191.0	0.9882
1192.0	0.9887
1193.0	0.9891
1194.0	0.9897
1195.0	0.9902
1196.0	0.9907
1197.0	0.9912
1198.0	0.9917
1199.0	0.9922
1200.0	0.9926
1201.0	0.9931
1202.0	0.9935
1203.0	0.9939
1204.0	0.9943
1205.0	0.9946
1206.0	0.9949
1207.0	0.9953
1208.0	0.9956
1209.0	0.996
1210.0	0.9963
1211.0	0.9967
1212.0	0.997
1213.0	0.9974
1214.0	0.9977
1215.0	0.9981
1216.0	0.9986
1217.0	0.999
1218.0	0.9995
1219.0	1.0
1220.0	1.0004
1221.0	1.0008
1222.0	1.0011
1223.0	1.0015
1224.0	1.0019
1225.0	1.0023
1226.0	1.0026
1227.0	1.003
1228.0	1.0032
1229.0	1.0033
1230.0	1.0035
1231.0	1.0036
1232.0	1.0036
1233.0	1.0037
1234.0	1.0038
1235.0	1.0037
1236.0	1.0036
1237.0	1.0036
1238.0	1.0034
1239.0	1.0033
1240.0	1.0031
1241.0	1.0028
1242.0	1.0026
1243.0	1.0023
1244.0	1.002
1245.0	1.0016
1246.0	1.0013
1247.0	1.0009
1248.0	1.0004
1249.0	1.0
1250.0	0.9995
1251.0	0.999
1252.0	0.9985
1253.0	0.9978
1254.0	0.9971
1255.0	0.9964
1256.0	0.9957
1257.0	0.9949
1258.0	0.9941
1259.0	0.9932
1260.0	0.9922
1261.0	0.9912
1262.0	0.99
1263.0	0.9889
1264.0	0.9877
1265.0	0.9865
1266.0	0.9852
1267.0	0.9838
1268.0	0.9822
1269.0	0.9805
1270.0	0.9788
1271.0	0.9769
1272.0	0.9749
1273.0	0.9728
1274.0	0.9704
1275.0	0.9679
1276.0	0.9653
1277.0	0.9625
1278.0	0.9595
1279.0	0.9564
1280.0	0.9533
1281.0	0.9501
1282.0	0.9469
1283.0	0.9437
1284.0	0.9406
1285.0	0.9376
1286.0	0.9345
1287.0	0.9317
1288.0	0.929
1289.0	0.9263
1290.0	0.9238
1291.0	0.9215
1292.0	0.9194
1293.0	0.9175
1294.0	0.9157
1295.0	0.9141
1296.0	0.9128
1297.0	0.9118
1298.0	0.9111
1299.0	0.9107
1300.0	0.9106
1301.0	0.9107
1302.0	0.9111
1303.0	0.9118
1304.0	0.9127
1305.0	0.9137
1306.0	0.915
1307.0	0.9165
1308.0	0.9181
1309.0	0.9199
1310.0	0.9219
1311.0	0.9241
1312.0	0.9265
1313.0	0.929
1314.0	0.9316
1315.0	0.9343
1316.0	0.9371
1317.0	0.94
1318.0	0.943
1319.0	0.9461
1320.0	0.9493
1321.0	0.9524
1322.0	0.9558
1323.0	0.9591
1324.0	0.9625
1325.0	0.966
1326.0	0.9694
1327.0	0.973
1328.0	0.9766
1329.0	0.9801
1330.0	0.9839
1331.0	0.9874
1332.0	0.9909
1333.0	0.9945
1334.0	0.9979
1335.0	1.0014
1336.0	1.0049
1337.0	1.0084
1338.0	1.0117
1339.0	1.015
1340.0	1.0181
1341.0	1.0211
1342.0	1.0241
1343.0	1.0269
1344.0	1.0297
1345.0	1.0324
1346.0	1.0348
1347.0	1.0372
1348.0	1.0393
1349.0	1.0414
1350.0	1.0432
1351.0	1.0448
1352.0	1.0463
1353.0	1.0477
1354.0	1.049
1355.0	1.0503
1356.0	1.0516
1357.0	1.0529
1358.0	1.0542
1359.0	1.0554
1360.0	1.0567
1361.0	1.0582
1362.0	1.0597
1363.0	1.0614
1364.0	1.0629
1365.0	1.0644
1366.0	1.0657
1367.0	1.0667
1368.0	1.0674
1369.0	1.0675
1370.0	1.067
1371.0	1.0658
1372.0	1.0636
1373.0	1.0604
1374.0	1.0561
1375.0	1.0508
1376.0	1.0446
1377.0	1.0373
1378.0	1.029
1379.0	1.0199
1380.0	1.01
1381.0	0.9995
1382.0	0.9884
1383.0	0.9766
1384.0	0.9644
1385.0	0.9512
1386.0	0.9372
1387.0	0.9228
1388.0	0.9076
1389.0	0.892
1390.0	0.8757
1391.0	0.8586
1392.0	0.8413
1393.0	0.8235
1394.0	0.8049
1395.0	0.7868
1396.0	0.7686
1397.0	0.7504
1398.0	0.7327
1399.0	0.7153
1400.0	0.6982
1401.0	0.6817
1402.0	0.6655
1403.0	0.6499
1404.0	0.6352
1405.0	0.6209
1406.0	0.6076
1407.0	0.5949
1408.0	0.5827
1409.0	0.5714
1410.0	0.5605
1411.0	0.5504
1412.0	0.541
1413.0	0.5323
1414.0	0.5243
1415.0	0.517
1416.0	0.5101
1417.0	0.5039
1418.0	0.4981
1419.0	0.4928
1420.0	0.488
1421.0	0.4835
1422.0	0.4795
1423.0	0.4758
1424.0	0.4724
1425.0	0.4694
1426.0	0.4667
1427.0	0.4642
1428.0	0.462
1429.0	0.4601
1430.0	0.4584
1431.0	0.457
1432.0	0.4558
1433.0	0.4547
1434.0	0.4539
1435.0	0.4533
1436.0	0.4528
1437.0	0.4525
1438.0	0.4523
1439.0	0.4522
1440.0	0.4522
1441.0	0.4523
1442.0	0.4525
1443.0	0.4527
1444.0	0.4531
1445.0	0.4535
1446.0	0.4539
1447.0	0.4544
1448.0	0.4549
1449.0	0.4553
1450.0	0.4558
1451.0	0.4564
1452.0	0.4569
1453.0	0.4575
1454.0	0.4582
1455.0	0.4588
1456.0	0.4595
1457.0	0.4603
1458.0	0.4612
1459.0	0.4622
1460.0	0.4633
1461.0	0.4645
1462.0	0.4659
1463.0	0.4674
1464.0	0.469
1465.0	0.4709
1466.0	0.4728
1467.0	0.4749
1468.0	0.4772
1469.0	0.4797
1470.0	0.4823
1471.0	0.485
1472.0	0.4878
1473.0	0.4908
1474.0	0.4938
1475.0	0.4969
1476.0	0.5002
1477.0	0.5035
1478.0	0.5069
1479.0	0.5103
1480.0	0.5137
1481.0	0.5171
1482.0	0.5206
1483.0	0.5241
1484.0	0.5277
1485.0	0.5313
1486.0	0.5348
1487.0	0.5384
1488.0	0.5419
1489.0	0.5454
1490.0	0.549
1491.0	0.5526
1492.0	0.5563
1493.0	0.5599
1494.0	0.5635
1495.0	0.567
1496.0	0.5705
1497.0	0.574
1498.0	0.5775
1499.0	0.5811
1500.0	0.5846
1501.0	0.5881
1502.0	0.5915
1503.0	0.5949
1504.0	0.5982
1505.0	0.6016
1506.0	0.6049
1507.0	0.6082
1508.0	0.6115
1509.0	0.6147
1510.0	0.6179
1511.0	0.6211
1512.0	0.6242
1513.0	0.6272
1514.0	0.6302
1515.0	0.6331
1516.0	0.6361
1517.0	0.6391
1518.0	0.6419
1519.0	0.6446
1520.0	0.6473
1521.0	0.65
1522.0	0.6526
1523.0	0.6552
1524.0	0.6577
1525.0	0.6601
1526.0	0.6625
1527.0	0.6648
1528.0	0.6671
1529.0	0.6693
1530.0	0.6715
1531.0	0.6737
1532.0	0.6757
1533.0	0.6777
1534.0	0.6797
1535.0	0.6816
1536.0	0.6835
1537.0	0.6854
1538.0	0.6872
1539.0	0.6889
1540.0	0.6906
1541.0	0.6923
1542.0	0.694
1543.0	0.6956
1544.0	0.6972
1545.0	0.6987
1546.0	0.7002
1547.0	0.7016
1548.0	0.703
1549.0	0.7044
1550.0	0.7057
1551.0	0.7069
1552.0	0.7082
1553.0	0.7094
1554.0	0.7105
1555.0	0.7117
1556.0	0.7128
1557.0	0.7139
1558.0	0.715
1559.0	0.716
1560.0	0.717
1561.0	0.718
1562.0	0.7189
1563.0	0.7198
1564.0	0.7207
1565.0	0.7215
1566.0	0.7224
1567.0	0.7233
1568.0	0.7241
1569.0	0.7249
1570.0	0.7257
1571.0	0.7264
1572.0	0.7272
1573.0	0.7279
1574.0	0.7286
1575.0	0.7292
1576.0	0.7299
1577.0	0.7305
1578.0	0.7311
1579.0	0.7318
1580.0	0.7324
1581.0	0.7331
1582.0	0.7337
1583.0	0.7343
1584.0	0.7348
1585.0	0.7354
1586.0	0.7359
1587.0	0.7365
1588.0	0.7371
1589.0	0.7377
1590.0	0.7383
1591.0	0.7388
1592.0	0.7394
1593.0	0.74
1594.0	0.7405
1595.0	0.7411
1596.0	0.7416
1597.0	0.7421
1598.0	0.7426
1599.0	0.743
1600.0	0.7435
1601.0	0.744
1602.0	0.7444
1603.0	0.7449
1604.0	0.7454
1605.0	0.7458
1606.0	0.7461
1607.0	0.7465
1608.0	0.7467
1609.0	0.7468
1610.0	0.7471
1611.0	0.7472
1612.0	0.7473
1613.0	0.7474
1614.0	0.7474
1615.0	0.7474
1616.0	0.7474
1617.0	0.7474
1618.0	0.7474
1619.0	0.7472
1620.0	0.747
1621.0	0.7469
1622.0	0.7467
1623.0	0.7464
1624.0	0.7461
1625.0	0.7457
1626.0	0.7452
1627.0	0.7447
1628.0	0.7442
1629.0	0.7437
1630.0	0.7432
1631.0	0.7427
1632.0	0.7421
1633.0	0.7415
1634.0	0.7408
1635.0	0.74
1636.0	0.7392
1637.0	0.7383
1638.0	0.7374
1639.0	0.7364
1640.0	0.7354
1641.0	0.7343
1642.0	0.7331
1643.0	0.7319
1644.0	0.7306
1645.0	0.7293
1646.0	0.728
1647.0	0.7265
1648.0	0.725
1649.0	0.7234
1650.0	0.7218
1651.0	0.7201
1652.0	0.7183
1653.0	0.7164
1654.0	0.7144
1655.0	0.7123
1656.0	0.7102
1657.0	0.7079
1658.0	0.7055
1659.0	0.7031
1660.0	0.7006
1661.0	0.6981
1662.0	0.6956
1663.0	0.693
1664.0	0.6905
1665.0	0.6879
1666.0	0.6853
1667.0	0.6828
1668.0	0.6802
1669.0	0.6777
1670.0	0.6752
1671.0	0.6729
1672.0	0.6706
1673.0	0.6683
1674.0	0.666
1675.0	0.6637
1676.0	0.6612
1677.0	0.6588
1678.0	0.6562
1679.0	0.6537
1680.0	0.6511
1681.0	0.6484
1682.0	0.6457
1683.0	0.6429
1684.0	0.6401
1685.0	0.6372
1686.0	0.6342
1687.0	0.6312
1688.0	0.6282
1689.0	0.6253
1690.0	0.6224
1691.0	0.6195
1692.0	0.6167
1693.0	0.6138
1694.0	0.6109
1695.0	0.6081
1696.0	0.6053
1697.0	0.6026
1698.0	0.5999
1699.0	0.5972
1700.0	0.5945
1701.0	0.5918
1702.0	0.5891
1703.0	0.5864
1704.0	0.5838
1705.0	0.5813
1706.0	0.5788
1707.0	0.5762
1708.0	0.5735
1709.0	0.571
1710.0	0.5684
1711.0	0.5659
1712.0	0.5633
1713.0	0.5608
1714.0	0.5582
1715.0	0.5556
1716.0	0.553
1717.0	0.5504
1718.0	0.5478
1719.0	0.5453
1720.0	0.5429
1721.0	0.5406
1722.0	0.5382
1723.0	0.5359
1724.0	0.5337
1725.0	0.5316
1726.0	0.5296
1727.0	0.5276
1728.0	0.5257
1729.0	0.5239
1730.0	0.522
1731.0	0.5204
1732.0	0.5186
1733.0	0.5169
1734.0	0.5151
1735.0	0.5132
1736.0	0.5113
1737.0	0.5095
1738.0	0.5076
1739.0	0.5057
1740.0	0.5037
1741.0	0.5016
1742.0	0.4994
1743.0	0.497
1744.0	0.4947
1745.0	0.4924
1746.0	0.49
1747.0	0.4877
1748.0	0.4853
1749.0	0.4827
1750.0	0.4802
1751.0	0.4777
1752.0	0.4753
1753.0	0.4729
1754.0	0.4704
1755.0	0.4679
1756.0	0.4655
1757.0	0.4631
1758.0	0.4608
1759.0	0.4584
1760.0	0.4561
1761.0	0.4538
1762.0	0.4515
1763.0	0.4493
1764.0	0.4471
1765.0	0.445
1766.0	0.4429
1767.0	0.4408
1768.0	0.4388
1769.0	0.4368
1770.0	0.4347
1771.0	0.4327
1772.0	0.4306
1773.0	0.4286
1774.0	0.4267
1775.0	0.4247
1776.0	0.4227
1777.0	0.4207
1778.0	0.4187
1779.0	0.4167
1780.0	0.4148
1781.0	0.4128
1782.0	0.4109
1783.0	0.4089
1784.0	0.4069
1785.0	0.4049
1786.0	0.4029
1787.0	0.401
1788.0	0.399
1789.0	0.397
1790.0	0.3951
1791.0	0.3931
1792.0	0.3911
1793.0	0.3891
1794.0	0.3871
1795.0	0.3851
1796.0	0.383
1797.0	0.3808
1798.0	0.3786
1799.0	0.3765
1800.0	0.3743
1801.0	0.3723
1802.0	0.3701
1803.0	0.3678
1804.0	0.3655
1805.0	0.3631
1806.0	0.3607
1807.0	0.3584
1808.0	0.356
1809.0	0.3534
1810.0	0.3509
1811.0	0.3482
1812.0	0.3455
1813.0	0.3428
1814.0	0.3399
1815.0	0.337
1816.0	0.3341
1817.0	0.3311
1818.0	0.3281
1819.0	0.3249
1820.0	0.3217
1821.0	0.3183
1822.0	0.3148
1823.0	0.3113
1824.0	0.3076
1825.0	0.3037
1826.0	0.2996
1827.0	0.2952
1828.0	0.2905
1829.0	0.2855
1830.0	0.2802
1831.0	0.6766
1832.0	0.6783
1833.0	0.6803
1834.0	0.6822
1835.0	0.684
1836.0	0.6856
1837.0	0.6872
1838.0	0.6885
1839.0	0.6896
1840.0	0.6907
1841.0	0.6919
1842.0	0.6928
1843.0	0.6936
1844.0	0.6942
1845.0	0.6943
1846.0	0.6942
1847.0	0.6937
1848.0	0.6926
1849.0	0.6911
1850.0	0.6889
1851.0	0.6864
1852.0	0.6835
1853.0	0.6801
1854.0	0.6761
1855.0	0.6718
1856.0	0.6667
1857.0	0.6611
1858.0	0.6549
1859.0	0.6479
1860.0	0.6401
1861.0	0.6315
1862.0	0.6223
1863.0	0.6121
1864.0	0.6012
1865.0	0.5897
1866.0	0.5776
1867.0	0.5645
1868.0	0.551
1869.0	0.5371
1870.0	0.5226
1871.0	0.508
1872.0	0.4931
1873.0	0.478
1874.0	0.4628
1875.0	0.447
1876.0	0.431
1877.0	0.4149
1878.0	0.3987
1879.0	0.3821
1880.0	0.3656
1881.0	0.349
1882.0	0.3325
1883.0	0.3162
1884.0	0.2997
1885.0	0.2837
1886.0	0.2682
1887.0	0.253
1888.0	0.2383
1889.0	0.2247
1890.0	0.2117
1891.0	0.1993
1892.0	0.1879
1893.0	0.1772
1894.0	0.1673
1895.0	0.1584
1896.0	0.1503
1897.0	0.1428
1898.0	0.1362
1899.0	0.1299
1900.0	0.1245
1901.0	0.1196
1902.0	0.115
1903.0	0.1112
1904.0	0.1078
1905.0	0.1049
1906.0	0.1026
1907.0	0.1004
1908.0	0.0985
1909.0	0.097
1910.0	0.0957
1911.0	0.0943
1912.0	0.0933
1913.0	0.0925
1914.0	0.0916
1915.0	0.091
1916.0	0.0905
1917.0	0.0899
1918.0	0.0897
1919.0	0.0895
1920.0	0.0894
1921.0	0.0893
1922.0	0.0895
1923.0	0.0897
1924.0	0.0898
1925.0	0.0901
1926.0	0.0903
1927.0	0.0907
1928.0	0.0912
1929.0	0.0914
1930.0	0.0919
1931.0	0.0926
1932.0	0.0932
1933.0	0.0939
1934.0	0.0947
1935.0	0.0954
1936.0	0.0962
1937.0	0.0971
1938.0	0.0979
1939.0	0.0988
1940.0	0.0996
1941.0	0.1003
1942.0	0.1012
1943.0	0.1023
1944.0	0.1035
1945.0	0.1047
1946.0	0.1061
1947.0	0.1072
1948.0	0.1083
1949.0	0.1095
1950.0	0.1106
1951.0	0.1118
1952.0	0.1131
1953.0	0.1144
1954.0	0.1158
1955.0	0.1173
1956.0	0.1188
1957.0	0.1204
1958.0	0.122
1959.0	0.1235
1960.0	0.1251
1961.0	0.1268
1962.0	0.1287
1963.0	0.1304
1964.0	0.1321
1965.0	0.1339
1966.0	0.1355
1967.0	0.1372
1968.0	0.139
1969.0	0.1409
1970.0	0.1426
1971.0	0.1446
1972.0	0.1468
1973.0	0.1489
1974.0	0.151
1975.0	0.1529
1976.0	0.1549
1977.0	0.1571
1978.0	0.1592
1979.0	0.1614
1980.0	0.1636
1981.0	0.1657
1982.0	0.1678
1983.0	0.1701
1984.0	0.1724
1985.0	0.1748
1986.0	0.1771
1987.0	0.1793
1988.0	0.1814
1989.0	0.1837
1990.0	0.1859
1991.0	0.1882
1992.0	0.1906
1993.0	0.193
1994.0	0.1954
1995.0	0.1978
1996.0	0.2004
1997.0	0.2029
1998.0	0.2052
1999.0	0.2076
2000.0	0.2099
2001.0	0.2123
2002.0	0.2147
2003.0	0.2171
2004.0	0.2196
2005.0	0.2219
2006.0	0.2241
2007.0	0.2263
2008.0	0.2284
2009.0	0.2303
2010.0	0.2323
2011.0	0.2343
2012.0	0.2365
2013.0	0.2385
2014.0	0.2404
2015.0	0.2425
2016.0	0.2444
2017.0	0.2462
2018.0	0.248
2019.0	0.2496
2020.0	0.2509
2021.0	0.2524
2022.0	0.254
2023.0	0.2554
2024.0	0.2567
2025.0	0.2581
2026.0	0.2594
2027.0	0.2605
2028.0	0.2618
2029.0	0.2629
2030.0	0.2641
2031.0	0.2652
2032.0	0.2662
2033.0	0.2674
2034.0	0.2685
2035.0	0.2694
2036.0	0.2703
2037.0	0.271
2038.0	0.2718
2039.0	0.2725
2040.0	0.2733
2041.0	0.274
2042.0	0.2748
2043.0	0.2755
2044.0	0.2761
2045.0	0.2765
2046.0	0.2771
2047.0	0.2776
2048.0	0.278
2049.0	0.2785
2050.0	0.2791
2051.0	0.2797
2052.0	0.2804
2053.0	0.281
2054.0	0.2817
2055.0	0.2823
2056.0	0.2828
2057.0	0.2832
2058.0	0.2838
2059.0	0.2843
2060.0	0.2848
2061.0	0.2855
2062.0	0.286
2063.0	0.2865
2064.0	0.2871
2065.0	0.2878
2066.0	0.2883
2067.0	0.289
2068.0	0.2896
2069.0	0.2903
2070.0	0.2908
2071.0	0.2914
2072.0	0.292
2073.0	0.2923
2074.0	0.2927
2075.0	0.2933
2076.0	0.2939
2077.0	0.2947
2078.0	0.2955
2079.0	0.2961
2080.0	0.2965
2081.0	0.297
2082.0	0.2975
2083.0	0.298
2084.0	0.2987
2085.0	0.2993
2086.0	0.2999
2087.0	0.3004
2088.0	0.3009
2089.0	0.3014
2090.0	0.3019
2091.0	0.3026
2092.0	0.3033
2093.0	0.3038
2094.0	0.3041
2095.0	0.3045
2096.0	0.305
2097.0	0.3055
2098.0	0.3061
2099.0	0.3068
2100.0	0.3074
2101.0	0.3079
2102.0	0.3084
2103.0	0.3088
2104.0	0.3093
2105.0	0.3099
2106.0	0.3104
2107.0	0.3109
2108.0	0.3114
2109.0	0.3121
2110.0	0.3129
2111.0	0.3136
2112.0	0.3143
2113.0	0.3147
2114.0	0.315
2115.0	0.3155
2116.0	0.3161
2117.0	0.3166
2118.0	0.3171
2119.0	0.3176
2120.0	0.3179
2121.0	0.3184
2122.0	0.3188
2123.0	0.3193
2124.0	0.3198
2125.0	0.3204
2126.0	0.3209
2127.0	0.3215
2128.0	0.3221
2129.0	0.3225
2130.0	0.3229
2131.0	0.3235
2132.0	0.324
2133.0	0.3244
2134.0	0.3249
2135.0	0.3254
2136.0	0.3258
2137.0	0.326
2138.0	0.3263
2139.0	0.3265
2140.0	0.3268
2141.0	0.3275
2142.0	0.328
2143.0	0.3284
2144.0	0.3288
2145.0	0.329
2146.0	0.3293
2147.0	0.3297
2148.0	0.3302
2149.0	0.3306
2150.0	0.3312
2151.0	0.3316
2152.0	0.3319
2153.0	0.3323
2154.0	0.3326
2155.0	0.3329
2156.0	0.3334
2157.0	0.3338
2158.0	0.3341
2159.0	0.3344
2160.0	0.3347
2161.0	0.3349
2162.0	0.335
2163.0	0.3353
2164.0	0.3355
2165.0	0.3357
2166.0	0.336
2167.0	0.3363
2168.0	0.3365
2169.0	0.3366
2170.0	0.3369
2171.0	0.3372
2172.0	0.3374
2173.0	0.3377
2174.0	0.3379
2175.0	0.338
2176.0	0.3382
2177.0	0.3383
2178.0	0.3383
2179.0	0.3384
2180.0	0.3385
2181.0	0.3385
2182.0	0.3384
2183.0	0.3384
2184.0	0.3383
2185.0	0.3383
2186.0	0.3382
2187.0	0.338
2188.0	0.3378
2189.0	0.3375
2190.0	0.3371
2191.0	0.3367
2192.0	0.3362
2193.0	0.3359
2194.0	0.3357
2195.0	0.3353
2196.0	0.3349
2197.0	0.3343
2198.0	0.3335
2199.0	0.333
2200.0	0.3325
2201.0	0.332
2202.0	0.3316
2203.0	0.331
2204.0	0.3304
2205.0	0.3297
2206.0	0.329
2207.0	0.3284
2208.0	0.3278
2209.0	0.3273
2210.0	0.3268
2211.0	0.3261
2212.0	0.3255
2213.0	0.3246
2214.0	0.3236
2215.0	0.3227
2216.0	0.3217
2217.0	0.3209
2218.0	0.32
2219.0	0.319
2220.0	0.3178
2221.0	0.3166
2222.0	0.3153
2223.0	0.3139
2224.0	0.3124
2225.0	0.3109
2226.0	0.3092
2227.0	0.3073
2228.0	0.3054
2229.0	0.3033
2230.0	0.3013
2231.0	0.2993
2232.0	0.2972
2233.0	0.2951
2234.0	0.2928
2235.0	0.2903
2236.0	0.2878
2237.0	0.2851
2238.0	0.2825
2239.0	0.28
2240.0	0.2773
2241.0	0.2746
2242.0	0.2718
2243.0	0.2689
2244.0	0.2658
2245.0	0.263
2246.0	0.2601
2247.0	0.257
2248.0	0.2539
2249.0	0.2507
2250.0	0.2476
2251.0	0.2445
2252.0	0.2415
2253.0	0.2387
2254.0	0.2356
2255.0	0.2327
2256.0	0.23
2257.0	0.2272
2258.0	0.2244
2259.0	0.2216
2260.0	0.2189
2261.0	0.2163
2262.0	0.2139
2263.0	0.2116
2264.0	0.2093
2265.0	0.2069
2266.0	0.2046
2267.0	0.2022
2268.0	0.1997
2269.0	0.1974
2270.0	0.195
2271.0	0.1929
2272.0	0.1912
2273.0	0.1893
2274.0	0.1877
2275.0	0.1861
2276.0	0.1843
2277.0	0.1827
2278.0	0.1812
2279.0	0.1796
2280.0	0.1779
2281.0	0.1764
2282.0	0.175
2283.0	0.1737
2284.0	0.1723
2285.0	0.1709
2286.0	0.1695
2287.0	0.168
2288.0	0.1666
2289.0	0.1652
2290.0	0.1635
2291.0	0.1618
2292.0	0.1601
2293.0	0.1584
2294.0	0.157
2295.0	0.1554
2296.0	0.1535
2297.0	0.1518
2298.0	0.1499
2299.0	0.1482
2300.0	0.1467
2301.0	0.145
2302.0	0.1434
2303.0	0.1417
2304.0	0.1401
2305.0	0.1386
2306.0	0.1374
2307.0	0.1363
2308.0	0.135
2309.0	0.1339
2310.0	0.1328
2311.0	0.1318
2312.0	0.1308
2313.0	0.1298
2314.0	0.1288
2315.0	0.1276
2316.0	0.1265
2317.0	0.1256
2318.0	0.1246
2319.0	0.1234
2320.0	0.1224
2321.0	0.1213
2322.0	0.1202
2323.0	0.1192
2324.0	0.1181
2325.0	0.1171
2326.0	0.1161
2327.0	0.1151
2328.0	0.114
2329.0	0.1129
2330.0	0.1115
2331.0	0.1102
2332.0	0.1087
2333.0	0.1072
2334.0	0.106
2335.0	0.1048
2336.0	0.1039
2337.0	0.1028
2338.0	0.1017
2339.0	0.1005
2340.0	0.0993
2341.0	0.0983
2342.0	0.0972
2343.0	0.0962
2344.0	0.0952
2345.0	0.0942
2346.0	0.0933
2347.0	0.0922
2348.0	0.0912
2349.0	0.0901
2350.0	0.089
2351.0	0.0879
2352.0	0.087
2353.0	0.0863
2354.0	0.0855
2355.0	0.0846
2356.0	0.0839
2357.0	0.0831
2358.0	0.0823
2359.0	0.0817
2360.0	0.0808
2361.0	0.0798
2362.0	0.0787
2363.0	0.0777
2364.0	0.0767
2365.0	0.0757
2366.0	0.075
2367.0	0.0741
2368.0	0.0732
2369.0	0.0724
2370.0	0.0716
2371.0	0.0707
2372.0	0.0698
2373.0	0.0687
2374.0	0.0675
2375.0	0.0666
2376.0	0.0658
2377.0	0.0651
2378.0	0.0645
2379.0	0.0636
2380.0	0.0627
2381.0	0.0619
2382.0	0.0611
2383.0	0.0604
2384.0	0.0596
2385.0	0.0589
2386.0	0.0581
2387.0	0.0572
2388.0	0.0564
2389.0	0.0555
2390.0	0.0546
2391.0	0.0538
2392.0	0.0529
2393.0	0.0523
2394.0	0.0515
2395.0	0.0508
2396.0	0.0504
2397.0	0.0496
2398.0	0.0489
2399.0	0.0482
2400.0	0.0474
2401.0	0.0466
2402.0	0.0458
2403.0	0.0453
2404.0	0.0446
2405.0	0.044
2406.0	0.0431
2407.0	0.0423
2408.0	0.0414
2409.0	0.0406
2410.0	0.0399
2411.0	0.0392
2412.0	0.0387
2413.0	0.0382
2414.0	0.0376
2415.0	0.037
2416.0	0.0362
2417.0	0.0355
2418.0	0.0348
2419.0	0.0342
2420.0	0.0338
2421.0	0.0331
2422.0	0.0324
2423.0	0.0317
2424.0	0.0312
2425.0	0.0309
2426.0	0.0305
2427.0	0.03
2428.0	0.0295
2429.0	0.0288
2430.0	0.0284
2431.0	0.0281
2432.0	0.0277
2433.0	0.0271
2434.0	0.0265
2435.0	0.026
2436.0	0.0254
2437.0	0.0249
2438.0	0.0243
2439.0	0.0236
2440.0	0.0233
2441.0	0.023
2442.0	0.0227
2443.0	0.0226
2444.0	0.022
2445.0	0.0214
2446.0	0.0209
2447.0	0.0206
2448.0	0.0204
2449.0	0.02
2450.0	0.0196
2451.0	0.0189
2452.0	0.0185
2453.0	0.0182
2454.0	0.018
2455.0	0.0179
2456.0	0.0175
2457.0	0.0171
2458.0	0.0167
2459.0	0.0164
2460.0	0.0161
2461.0	0.0158
2462.0	0.0155
2463.0	0.0152
2464.0	0.0145
2465.0	0.0141
2466.0	0.0136
2467.0	0.0134
2468.0	0.0135
2469.0	0.0135
2470.0	0.0136
2471.0	0.0135
2472.0	0.0133
2473.0	0.0131
2474.0	0.0128
2475.0	0.0127
2476.0	0.0127
2477.0	0.0126
2478.0	0.0126
2479.0	0.0123
2480.0	0.0117
2481.0	0.0113
2482.0	0.0107
2483.0	0.0103
2484.0	0.0101
2485.0	0.0099
2486.0	0.0097
2487.0	0.0095
2488.0	0.0089
2489.0	0.0088
2490.0	0.0089
2491.0	0.0087
2492.0	0.0086
2493.0	0.0084
2494.0	0.0079
2495.0	0.0075
2496.0	0.0073
2497.0	0.0073
2498.0	0.0073
2499.0	0.0073
2500.0	0.0074
