Bands	Reflectance
350.0	0.0007
351.0	0.0007
352.0	0.0006
353.0	0.0008
354.0	0.0008
355.0	0.0008
356.0	0.0009
357.0	0.001
358.0	0.0011
359.0	0.0011
360.0	0.0009
361.0	0.001
362.0	0.001
363.0	0.0009
364.0	0.0011
365.0	0.0013
366.0	0.0014
367.0	0.0013
368.0	0.0014
369.0	0.0014
370.0	0.0014
371.0	0.0013
372.0	0.0015
373.0	0.0013
374.0	0.0012
375.0	0.0014
376.0	0.0014
377.0	0.0014
378.0	0.0016
379.0	0.0015
380.0	0.0012
381.0	0.0013
382.0	0.0016
383.0	0.0016
384.0	0.0016
385.0	0.0015
386.0	0.0015
387.0	0.0016
388.0	0.0016
389.0	0.0016
390.0	0.0018
391.0	0.0021
392.0	0.0019
393.0	0.0016
394.0	0.0019
395.0	0.002
396.0	0.002
397.0	0.0021
398.0	0.0021
399.0	0.0022
400.0	0.0023
401.0	0.0023
402.0	0.0023
403.0	0.0024
404.0	0.0026
405.0	0.0025
406.0	0.0025
407.0	0.0027
408.0	0.0031
409.0	0.003
410.0	0.003
411.0	0.0032
412.0	0.0035
413.0	0.0036
414.0	0.0036
415.0	0.0037
416.0	0.0038
417.0	0.0041
418.0	0.0043
419.0	0.0044
420.0	0.0047
421.0	0.0048
422.0	0.0048
423.0	0.005
424.0	0.0053
425.0	0.0056
426.0	0.0058
427.0	0.0059
428.0	0.0061
429.0	0.0063
430.0	0.0065
431.0	0.0067
432.0	0.0069
433.0	0.0071
434.0	0.0072
435.0	0.0073
436.0	0.0073
437.0	0.0075
438.0	0.0079
439.0	0.0081
440.0	0.0082
441.0	0.0085
442.0	0.0087
443.0	0.0086
444.0	0.0085
445.0	0.0089
446.0	0.0093
447.0	0.0095
448.0	0.0095
449.0	0.0094
450.0	0.0096
451.0	0.0098
452.0	0.01
453.0	0.0099
454.0	0.0099
455.0	0.01
456.0	0.0102
457.0	0.0103
458.0	0.0104
459.0	0.0104
460.0	0.0105
461.0	0.0106
462.0	0.0108
463.0	0.0109
464.0	0.0108
465.0	0.0108
466.0	0.0111
467.0	0.0113
468.0	0.0114
469.0	0.0117
470.0	0.0119
471.0	0.0116
472.0	0.0116
473.0	0.0118
474.0	0.012
475.0	0.0123
476.0	0.0124
477.0	0.0124
478.0	0.0127
479.0	0.0128
480.0	0.013
481.0	0.0132
482.0	0.0132
483.0	0.0134
484.0	0.0135
485.0	0.0135
486.0	0.014
487.0	0.0143
488.0	0.0143
489.0	0.0146
490.0	0.015
491.0	0.0154
492.0	0.0156
493.0	0.0159
494.0	0.0163
495.0	0.0168
496.0	0.017
497.0	0.0174
498.0	0.0178
499.0	0.0183
500.0	0.0186
501.0	0.019
502.0	0.0195
503.0	0.0203
504.0	0.0208
505.0	0.0213
506.0	0.0221
507.0	0.0228
508.0	0.0233
509.0	0.0239
510.0	0.0248
511.0	0.0259
512.0	0.0268
513.0	0.0276
514.0	0.0284
515.0	0.0297
516.0	0.0311
517.0	0.0323
518.0	0.0333
519.0	0.0345
520.0	0.036
521.0	0.0373
522.0	0.039
523.0	0.0405
524.0	0.042
525.0	0.0435
526.0	0.0448
527.0	0.0463
528.0	0.048
529.0	0.0496
530.0	0.0512
531.0	0.0529
532.0	0.0548
533.0	0.0566
534.0	0.0585
535.0	0.0603
536.0	0.0618
537.0	0.0635
538.0	0.0652
539.0	0.0669
540.0	0.0688
541.0	0.0705
542.0	0.0719
543.0	0.0733
544.0	0.0748
545.0	0.0761
546.0	0.077
547.0	0.0776
548.0	0.0784
549.0	0.0793
550.0	0.0803
551.0	0.0813
552.0	0.0822
553.0	0.0829
554.0	0.0838
555.0	0.0845
556.0	0.0852
557.0	0.0859
558.0	0.0864
559.0	0.0869
560.0	0.0872
561.0	0.0872
562.0	0.0872
563.0	0.0869
564.0	0.0862
565.0	0.0855
566.0	0.0847
567.0	0.0837
568.0	0.0828
569.0	0.082
570.0	0.081
571.0	0.08
572.0	0.0791
573.0	0.0783
574.0	0.0774
575.0	0.0765
576.0	0.0757
577.0	0.075
578.0	0.0744
579.0	0.0737
580.0	0.0733
581.0	0.0729
582.0	0.0727
583.0	0.073
584.0	0.073
585.0	0.073
586.0	0.0734
587.0	0.0738
588.0	0.0739
589.0	0.0739
590.0	0.0743
591.0	0.0743
592.0	0.0742
593.0	0.0741
594.0	0.0748
595.0	0.0752
596.0	0.0752
597.0	0.0751
598.0	0.0757
599.0	0.0759
600.0	0.0757
601.0	0.0757
602.0	0.0755
603.0	0.0753
604.0	0.0749
605.0	0.0746
606.0	0.0742
607.0	0.0737
608.0	0.0733
609.0	0.073
610.0	0.0727
611.0	0.0723
612.0	0.0718
613.0	0.0714
614.0	0.0711
615.0	0.0709
616.0	0.0706
617.0	0.0702
618.0	0.0699
619.0	0.0698
620.0	0.0697
621.0	0.0696
622.0	0.0697
623.0	0.0697
624.0	0.0698
625.0	0.0699
626.0	0.0698
627.0	0.07
628.0	0.0703
629.0	0.0707
630.0	0.0708
631.0	0.071
632.0	0.0713
633.0	0.0718
634.0	0.0718
635.0	0.0718
636.0	0.0718
637.0	0.0719
638.0	0.0719
639.0	0.0718
640.0	0.0716
641.0	0.0714
642.0	0.0714
643.0	0.0712
644.0	0.0708
645.0	0.0704
646.0	0.07
647.0	0.0696
648.0	0.069
649.0	0.0687
650.0	0.0686
651.0	0.0684
652.0	0.0681
653.0	0.068
654.0	0.0678
655.0	0.0673
656.0	0.0674
657.0	0.0673
658.0	0.0671
659.0	0.0669
660.0	0.0668
661.0	0.0668
662.0	0.0669
663.0	0.0668
664.0	0.0669
665.0	0.0672
666.0	0.0677
667.0	0.068
668.0	0.0686
669.0	0.0693
670.0	0.0698
671.0	0.0707
672.0	0.0718
673.0	0.0728
674.0	0.0739
675.0	0.0751
676.0	0.0762
677.0	0.0774
678.0	0.0787
679.0	0.08
680.0	0.0815
681.0	0.0832
682.0	0.0849
683.0	0.0868
684.0	0.0888
685.0	0.0911
686.0	0.0935
687.0	0.0961
688.0	0.099
689.0	0.1024
690.0	0.1066
691.0	0.1116
692.0	0.1171
693.0	0.1239
694.0	0.132
695.0	0.1418
696.0	0.153
697.0	0.1663
698.0	0.182
699.0	0.1998
700.0	0.2202
701.0	0.243
702.0	0.2679
703.0	0.2947
704.0	0.3232
705.0	0.3531
706.0	0.3844
707.0	0.4167
708.0	0.4498
709.0	0.4833
710.0	0.5169
711.0	0.5507
712.0	0.5842
713.0	0.6175
714.0	0.6504
715.0	0.6834
716.0	0.7157
717.0	0.7466
718.0	0.7775
719.0	0.8078
720.0	0.8372
721.0	0.8654
722.0	0.8931
723.0	0.9199
724.0	0.9455
725.0	0.9705
726.0	0.9944
727.0	1.0175
728.0	1.0399
729.0	1.0608
730.0	1.0811
731.0	1.1004
732.0	1.1184
733.0	1.1363
734.0	1.1539
735.0	1.1707
736.0	1.1866
737.0	1.2017
738.0	1.2159
739.0	1.2293
740.0	1.2426
741.0	1.2554
742.0	1.2674
743.0	1.279
744.0	1.2901
745.0	1.3007
746.0	1.3107
747.0	1.3202
748.0	1.3294
749.0	1.3381
750.0	1.3461
751.0	1.3542
752.0	1.3616
753.0	1.3684
754.0	1.3751
755.0	1.3809
756.0	1.3863
757.0	1.3914
758.0	1.3965
759.0	1.4011
760.0	1.4055
761.0	1.4095
762.0	1.4129
763.0	1.4163
764.0	1.4194
765.0	1.4222
766.0	1.4253
767.0	1.4276
768.0	1.4293
769.0	1.4312
770.0	1.4326
771.0	1.4338
772.0	1.4348
773.0	1.4356
774.0	1.4364
775.0	1.4368
776.0	1.4367
777.0	1.4362
778.0	1.4358
779.0	1.4354
780.0	1.4345
781.0	1.4328
782.0	1.431
783.0	1.4294
784.0	1.4274
785.0	1.4252
786.0	1.4233
787.0	1.4217
788.0	1.4192
789.0	1.4168
790.0	1.4142
791.0	1.4113
792.0	1.4085
793.0	1.4056
794.0	1.4025
795.0	1.3992
796.0	1.3955
797.0	1.3915
798.0	1.3874
799.0	1.383
800.0	1.3793
801.0	1.3755
802.0	1.3713
803.0	1.3671
804.0	1.3628
805.0	1.3583
806.0	1.3535
807.0	1.3488
808.0	1.344
809.0	1.3389
810.0	1.3338
811.0	1.3284
812.0	1.323
813.0	1.3177
814.0	1.3125
815.0	1.3073
816.0	1.3022
817.0	1.297
818.0	1.2914
819.0	1.2856
820.0	1.2799
821.0	1.2744
822.0	1.2685
823.0	1.2623
824.0	1.2565
825.0	1.2513
826.0	1.2454
827.0	1.2395
828.0	1.2336
829.0	1.2277
830.0	1.2226
831.0	1.2171
832.0	1.2113
833.0	1.2058
834.0	1.2
835.0	1.1945
836.0	1.1892
837.0	1.1827
838.0	1.1766
839.0	1.1709
840.0	1.1651
841.0	1.1588
842.0	1.1528
843.0	1.1472
844.0	1.1419
845.0	1.136
846.0	1.1302
847.0	1.1247
848.0	1.1192
849.0	1.1137
850.0	1.1082
851.0	1.1028
852.0	1.0974
853.0	1.0921
854.0	1.0864
855.0	1.0804
856.0	1.0754
857.0	1.0697
858.0	1.0639
859.0	1.0582
860.0	1.0525
861.0	1.0467
862.0	1.0406
863.0	1.0343
864.0	1.0285
865.0	1.0228
866.0	1.0171
867.0	1.011
868.0	1.0052
869.0	0.9987
870.0	0.9923
871.0	0.9865
872.0	0.9796
873.0	0.9732
874.0	0.9671
875.0	0.9606
876.0	0.9544
877.0	0.9478
878.0	0.941
879.0	0.9346
880.0	0.9279
881.0	0.9212
882.0	0.9145
883.0	0.9078
884.0	0.9012
885.0	0.8946
886.0	0.888
887.0	0.8819
888.0	0.875
889.0	0.8683
890.0	0.862
891.0	0.8554
892.0	0.8486
893.0	0.8421
894.0	0.8357
895.0	0.8289
896.0	0.822
897.0	0.8151
898.0	0.8081
899.0	0.8011
900.0	0.7943
901.0	0.7875
902.0	0.7806
903.0	0.7738
904.0	0.7672
905.0	0.7606
906.0	0.7537
907.0	0.747
908.0	0.7399
909.0	0.7323
910.0	0.7245
911.0	0.7178
912.0	0.7117
913.0	0.7053
914.0	0.6982
915.0	0.6912
916.0	0.6845
917.0	0.6779
918.0	0.6708
919.0	0.6642
920.0	0.6574
921.0	0.6504
922.0	0.6436
923.0	0.637
924.0	0.6305
925.0	0.6238
926.0	0.6169
927.0	0.6102
928.0	0.6035
929.0	0.5965
930.0	0.5894
931.0	0.5827
932.0	0.5762
933.0	0.5694
934.0	0.5625
935.0	0.556
936.0	0.5495
937.0	0.5429
938.0	0.5362
939.0	0.5298
940.0	0.5233
941.0	0.5168
942.0	0.5101
943.0	0.5039
944.0	0.4977
945.0	0.4914
946.0	0.4849
947.0	0.4787
948.0	0.4726
949.0	0.4663
950.0	0.46
951.0	0.4538
952.0	0.4476
953.0	0.4416
954.0	0.4355
955.0	0.4295
956.0	0.4236
957.0	0.4178
958.0	0.412
959.0	0.4061
960.0	0.4004
961.0	0.3948
962.0	0.389
963.0	0.3832
964.0	0.3778
965.0	0.3725
966.0	0.3672
967.0	0.3617
968.0	0.3566
969.0	0.3515
970.0	0.3462
971.0	0.3408
972.0	0.3356
973.0	0.3306
974.0	0.3256
975.0	0.3205
976.0	0.3158
977.0	0.3109
978.0	0.306
979.0	0.3013
980.0	0.2965
981.0	0.2916
982.0	0.287
983.0	0.2826
984.0	0.2777
985.0	0.2729
986.0	0.2683
987.0	0.2638
988.0	0.2591
989.0	0.2547
990.0	0.2504
991.0	0.246
992.0	0.2417
993.0	0.2374
994.0	0.2331
995.0	0.2286
996.0	0.2242
997.0	0.2201
998.0	0.2162
999.0	0.212
1000.0	0.2075
1001.0	0.3534
1002.0	0.3556
1003.0	0.3579
1004.0	0.3601
1005.0	0.3622
1006.0	0.3644
1007.0	0.3666
1008.0	0.3688
1009.0	0.3709
1010.0	0.3732
1011.0	0.3754
1012.0	0.3776
1013.0	0.3797
1014.0	0.3819
1015.0	0.3841
1016.0	0.3862
1017.0	0.3884
1018.0	0.3905
1019.0	0.3926
1020.0	0.3946
1021.0	0.3968
1022.0	0.399
1023.0	0.4012
1024.0	0.4035
1025.0	0.4057
1026.0	0.408
1027.0	0.4101
1028.0	0.4125
1029.0	0.4148
1030.0	0.4171
1031.0	0.4195
1032.0	0.422
1033.0	0.4244
1034.0	0.4269
1035.0	0.4295
1036.0	0.4322
1037.0	0.4348
1038.0	0.4375
1039.0	0.4403
1040.0	0.4431
1041.0	0.4461
1042.0	0.4493
1043.0	0.4525
1044.0	0.4557
1045.0	0.4591
1046.0	0.4624
1047.0	0.4659
1048.0	0.4695
1049.0	0.4732
1050.0	0.4771
1051.0	0.481
1052.0	0.485
1053.0	0.4891
1054.0	0.4932
1055.0	0.4974
1056.0	0.5017
1057.0	0.506
1058.0	0.5104
1059.0	0.5148
1060.0	0.5191
1061.0	0.5234
1062.0	0.5277
1063.0	0.5321
1064.0	0.5365
1065.0	0.5407
1066.0	0.545
1067.0	0.5493
1068.0	0.5535
1069.0	0.5577
1070.0	0.562
1071.0	0.5662
1072.0	0.5704
1073.0	0.5746
1074.0	0.5789
1075.0	0.5831
1076.0	0.5873
1077.0	0.5914
1078.0	0.5955
1079.0	0.5996
1080.0	0.6038
1081.0	0.608
1082.0	0.6121
1083.0	0.6164
1084.0	0.6206
1085.0	0.6249
1086.0	0.6292
1087.0	0.6336
1088.0	0.638
1089.0	0.6423
1090.0	0.6468
1091.0	0.6513
1092.0	0.6558
1093.0	0.6604
1094.0	0.665
1095.0	0.6697
1096.0	0.6744
1097.0	0.6792
1098.0	0.684
1099.0	0.6888
1100.0	0.6937
1101.0	0.6986
1102.0	0.7035
1103.0	0.7086
1104.0	0.7137
1105.0	0.7188
1106.0	0.7238
1107.0	0.7289
1108.0	0.7341
1109.0	0.7392
1110.0	0.7444
1111.0	0.7495
1112.0	0.7546
1113.0	0.7597
1114.0	0.7648
1115.0	0.7699
1116.0	0.775
1117.0	0.78
1118.0	0.7851
1119.0	0.79
1120.0	0.7948
1121.0	0.7995
1122.0	0.8043
1123.0	0.809
1124.0	0.8135
1125.0	0.8181
1126.0	0.8225
1127.0	0.8269
1128.0	0.831
1129.0	0.8351
1130.0	0.8389
1131.0	0.8427
1132.0	0.8462
1133.0	0.8495
1134.0	0.8527
1135.0	0.8557
1136.0	0.8586
1137.0	0.8614
1138.0	0.8641
1139.0	0.8666
1140.0	0.8689
1141.0	0.8712
1142.0	0.8733
1143.0	0.8753
1144.0	0.8772
1145.0	0.8791
1146.0	0.8809
1147.0	0.8828
1148.0	0.8846
1149.0	0.8865
1150.0	0.8884
1151.0	0.8904
1152.0	0.8924
1153.0	0.8946
1154.0	0.8968
1155.0	0.8989
1156.0	0.9011
1157.0	0.9033
1158.0	0.9056
1159.0	0.9079
1160.0	0.9103
1161.0	0.9127
1162.0	0.9151
1163.0	0.9175
1164.0	0.9198
1165.0	0.9222
1166.0	0.9245
1167.0	0.9267
1168.0	0.9289
1169.0	0.931
1170.0	0.933
1171.0	0.9349
1172.0	0.9367
1173.0	0.9385
1174.0	0.9402
1175.0	0.9417
1176.0	0.9432
1177.0	0.9445
1178.0	0.9457
1179.0	0.9469
1180.0	0.9479
1181.0	0.9489
1182.0	0.9498
1183.0	0.9506
1184.0	0.9514
1185.0	0.9522
1186.0	0.9528
1187.0	0.9534
1188.0	0.9541
1189.0	0.9547
1190.0	0.9553
1191.0	0.9559
1192.0	0.9564
1193.0	0.9569
1194.0	0.9575
1195.0	0.958
1196.0	0.9585
1197.0	0.9589
1198.0	0.9594
1199.0	0.9599
1200.0	0.9603
1201.0	0.9608
1202.0	0.9613
1203.0	0.9617
1204.0	0.9622
1205.0	0.9626
1206.0	0.963
1207.0	0.9634
1208.0	0.9638
1209.0	0.9642
1210.0	0.9646
1211.0	0.965
1212.0	0.9655
1213.0	0.9659
1214.0	0.9664
1215.0	0.9669
1216.0	0.9674
1217.0	0.9679
1218.0	0.9684
1219.0	0.969
1220.0	0.9695
1221.0	0.97
1222.0	0.9705
1223.0	0.9709
1224.0	0.9714
1225.0	0.9718
1226.0	0.9721
1227.0	0.9725
1228.0	0.9728
1229.0	0.9731
1230.0	0.9733
1231.0	0.9734
1232.0	0.9736
1233.0	0.9737
1234.0	0.9739
1235.0	0.9739
1236.0	0.9739
1237.0	0.9737
1238.0	0.9736
1239.0	0.9735
1240.0	0.9734
1241.0	0.9732
1242.0	0.973
1243.0	0.9728
1244.0	0.9726
1245.0	0.9723
1246.0	0.972
1247.0	0.9716
1248.0	0.9712
1249.0	0.9708
1250.0	0.9703
1251.0	0.9699
1252.0	0.9694
1253.0	0.9688
1254.0	0.9681
1255.0	0.9674
1256.0	0.9667
1257.0	0.966
1258.0	0.9652
1259.0	0.9644
1260.0	0.9635
1261.0	0.9626
1262.0	0.9616
1263.0	0.9605
1264.0	0.9593
1265.0	0.9581
1266.0	0.9569
1267.0	0.9555
1268.0	0.9542
1269.0	0.9526
1270.0	0.9509
1271.0	0.949
1272.0	0.947
1273.0	0.9448
1274.0	0.9425
1275.0	0.94
1276.0	0.9375
1277.0	0.9348
1278.0	0.9319
1279.0	0.929
1280.0	0.9259
1281.0	0.9229
1282.0	0.9198
1283.0	0.9168
1284.0	0.9137
1285.0	0.9107
1286.0	0.9077
1287.0	0.9048
1288.0	0.9021
1289.0	0.8995
1290.0	0.8971
1291.0	0.8948
1292.0	0.8927
1293.0	0.8907
1294.0	0.889
1295.0	0.8874
1296.0	0.8861
1297.0	0.885
1298.0	0.8842
1299.0	0.8837
1300.0	0.8835
1301.0	0.8835
1302.0	0.8838
1303.0	0.8843
1304.0	0.885
1305.0	0.8859
1306.0	0.887
1307.0	0.8884
1308.0	0.8899
1309.0	0.8916
1310.0	0.8935
1311.0	0.8956
1312.0	0.8978
1313.0	0.9001
1314.0	0.9025
1315.0	0.9048
1316.0	0.9074
1317.0	0.91
1318.0	0.9128
1319.0	0.9157
1320.0	0.9187
1321.0	0.9217
1322.0	0.9247
1323.0	0.9277
1324.0	0.9308
1325.0	0.934
1326.0	0.9373
1327.0	0.9406
1328.0	0.944
1329.0	0.9473
1330.0	0.9506
1331.0	0.9538
1332.0	0.9571
1333.0	0.9603
1334.0	0.9636
1335.0	0.9667
1336.0	0.9699
1337.0	0.9729
1338.0	0.9759
1339.0	0.9789
1340.0	0.9818
1341.0	0.9845
1342.0	0.9872
1343.0	0.9898
1344.0	0.9922
1345.0	0.9945
1346.0	0.9966
1347.0	0.9986
1348.0	1.0004
1349.0	1.0021
1350.0	1.0037
1351.0	1.005
1352.0	1.0062
1353.0	1.0072
1354.0	1.0082
1355.0	1.0092
1356.0	1.0102
1357.0	1.0113
1358.0	1.0124
1359.0	1.0135
1360.0	1.0146
1361.0	1.0158
1362.0	1.0171
1363.0	1.0185
1364.0	1.0196
1365.0	1.0208
1366.0	1.0218
1367.0	1.0225
1368.0	1.0229
1369.0	1.0228
1370.0	1.022
1371.0	1.0204
1372.0	1.0178
1373.0	1.0144
1374.0	1.0099
1375.0	1.0044
1376.0	0.9979
1377.0	0.9903
1378.0	0.9817
1379.0	0.9724
1380.0	0.9622
1381.0	0.9516
1382.0	0.9404
1383.0	0.9284
1384.0	0.916
1385.0	0.9026
1386.0	0.8884
1387.0	0.8737
1388.0	0.8584
1389.0	0.8427
1390.0	0.8263
1391.0	0.8092
1392.0	0.7917
1393.0	0.7739
1394.0	0.7552
1395.0	0.7371
1396.0	0.719
1397.0	0.7008
1398.0	0.6831
1399.0	0.6657
1400.0	0.6486
1401.0	0.6321
1402.0	0.6159
1403.0	0.6003
1404.0	0.5856
1405.0	0.5714
1406.0	0.5581
1407.0	0.5454
1408.0	0.5334
1409.0	0.5222
1410.0	0.5115
1411.0	0.5016
1412.0	0.4924
1413.0	0.4838
1414.0	0.4761
1415.0	0.4689
1416.0	0.4623
1417.0	0.4561
1418.0	0.4504
1419.0	0.4452
1420.0	0.4406
1421.0	0.4363
1422.0	0.4325
1423.0	0.429
1424.0	0.4258
1425.0	0.423
1426.0	0.4205
1427.0	0.4183
1428.0	0.4164
1429.0	0.4147
1430.0	0.4133
1431.0	0.4122
1432.0	0.4112
1433.0	0.4104
1434.0	0.4097
1435.0	0.4092
1436.0	0.4089
1437.0	0.4088
1438.0	0.4087
1439.0	0.4087
1440.0	0.4089
1441.0	0.4091
1442.0	0.4094
1443.0	0.4098
1444.0	0.4103
1445.0	0.4108
1446.0	0.4113
1447.0	0.4119
1448.0	0.4125
1449.0	0.4131
1450.0	0.4137
1451.0	0.4144
1452.0	0.415
1453.0	0.4156
1454.0	0.4163
1455.0	0.4171
1456.0	0.4179
1457.0	0.4188
1458.0	0.4198
1459.0	0.4208
1460.0	0.4219
1461.0	0.4232
1462.0	0.4246
1463.0	0.4262
1464.0	0.4279
1465.0	0.4298
1466.0	0.4318
1467.0	0.434
1468.0	0.4363
1469.0	0.4388
1470.0	0.4414
1471.0	0.4441
1472.0	0.4471
1473.0	0.4501
1474.0	0.4531
1475.0	0.4563
1476.0	0.4596
1477.0	0.463
1478.0	0.4663
1479.0	0.4698
1480.0	0.4731
1481.0	0.4765
1482.0	0.48
1483.0	0.4835
1484.0	0.4871
1485.0	0.4907
1486.0	0.4942
1487.0	0.4976
1488.0	0.5011
1489.0	0.5046
1490.0	0.5082
1491.0	0.5118
1492.0	0.5154
1493.0	0.5189
1494.0	0.5223
1495.0	0.5258
1496.0	0.5293
1497.0	0.5328
1498.0	0.5363
1499.0	0.5398
1500.0	0.5433
1501.0	0.5466
1502.0	0.5501
1503.0	0.5535
1504.0	0.5569
1505.0	0.5602
1506.0	0.5635
1507.0	0.5666
1508.0	0.5698
1509.0	0.5731
1510.0	0.5763
1511.0	0.5795
1512.0	0.5827
1513.0	0.5857
1514.0	0.5887
1515.0	0.5917
1516.0	0.5945
1517.0	0.5974
1518.0	0.6002
1519.0	0.603
1520.0	0.6058
1521.0	0.6085
1522.0	0.6111
1523.0	0.6135
1524.0	0.616
1525.0	0.6185
1526.0	0.6209
1527.0	0.6233
1528.0	0.6256
1529.0	0.6278
1530.0	0.63
1531.0	0.6321
1532.0	0.6342
1533.0	0.6363
1534.0	0.6384
1535.0	0.6404
1536.0	0.6423
1537.0	0.6442
1538.0	0.646
1539.0	0.6477
1540.0	0.6495
1541.0	0.6512
1542.0	0.653
1543.0	0.6547
1544.0	0.6563
1545.0	0.6579
1546.0	0.6595
1547.0	0.661
1548.0	0.6625
1549.0	0.664
1550.0	0.6654
1551.0	0.6667
1552.0	0.668
1553.0	0.6692
1554.0	0.6704
1555.0	0.6716
1556.0	0.6729
1557.0	0.6741
1558.0	0.6753
1559.0	0.6764
1560.0	0.6775
1561.0	0.6784
1562.0	0.6794
1563.0	0.6803
1564.0	0.6812
1565.0	0.6821
1566.0	0.683
1567.0	0.6838
1568.0	0.6847
1569.0	0.6856
1570.0	0.6864
1571.0	0.6872
1572.0	0.688
1573.0	0.6888
1574.0	0.6895
1575.0	0.6903
1576.0	0.691
1577.0	0.6916
1578.0	0.6923
1579.0	0.6931
1580.0	0.6938
1581.0	0.6945
1582.0	0.6952
1583.0	0.6958
1584.0	0.6965
1585.0	0.6971
1586.0	0.6977
1587.0	0.6985
1588.0	0.6992
1589.0	0.6999
1590.0	0.7005
1591.0	0.7011
1592.0	0.7017
1593.0	0.7023
1594.0	0.7029
1595.0	0.7035
1596.0	0.704
1597.0	0.7046
1598.0	0.7052
1599.0	0.7057
1600.0	0.7062
1601.0	0.7067
1602.0	0.7071
1603.0	0.7076
1604.0	0.708
1605.0	0.7084
1606.0	0.7089
1607.0	0.7092
1608.0	0.7094
1609.0	0.7097
1610.0	0.7099
1611.0	0.71
1612.0	0.7103
1613.0	0.7105
1614.0	0.7106
1615.0	0.7107
1616.0	0.7106
1617.0	0.7106
1618.0	0.7105
1619.0	0.7104
1620.0	0.7102
1621.0	0.71
1622.0	0.7098
1623.0	0.7096
1624.0	0.7093
1625.0	0.709
1626.0	0.7085
1627.0	0.708
1628.0	0.7076
1629.0	0.7071
1630.0	0.7065
1631.0	0.706
1632.0	0.7054
1633.0	0.7048
1634.0	0.704
1635.0	0.7032
1636.0	0.7023
1637.0	0.7015
1638.0	0.7008
1639.0	0.6999
1640.0	0.6989
1641.0	0.6978
1642.0	0.6966
1643.0	0.6955
1644.0	0.6943
1645.0	0.693
1646.0	0.6916
1647.0	0.6901
1648.0	0.6886
1649.0	0.6872
1650.0	0.6856
1651.0	0.6839
1652.0	0.682
1653.0	0.6801
1654.0	0.6781
1655.0	0.676
1656.0	0.6738
1657.0	0.6715
1658.0	0.6691
1659.0	0.6666
1660.0	0.664
1661.0	0.6614
1662.0	0.6587
1663.0	0.6561
1664.0	0.6534
1665.0	0.6508
1666.0	0.6483
1667.0	0.6457
1668.0	0.6432
1669.0	0.6407
1670.0	0.6382
1671.0	0.6357
1672.0	0.6332
1673.0	0.6307
1674.0	0.6283
1675.0	0.6258
1676.0	0.6234
1677.0	0.6208
1678.0	0.6182
1679.0	0.6156
1680.0	0.613
1681.0	0.6103
1682.0	0.6074
1683.0	0.6046
1684.0	0.6016
1685.0	0.5986
1686.0	0.5957
1687.0	0.5927
1688.0	0.5897
1689.0	0.5867
1690.0	0.5837
1691.0	0.5808
1692.0	0.5779
1693.0	0.5751
1694.0	0.5723
1695.0	0.5696
1696.0	0.5669
1697.0	0.5641
1698.0	0.5614
1699.0	0.5587
1700.0	0.5559
1701.0	0.5532
1702.0	0.5507
1703.0	0.5481
1704.0	0.5456
1705.0	0.543
1706.0	0.5405
1707.0	0.538
1708.0	0.5354
1709.0	0.5328
1710.0	0.5302
1711.0	0.5276
1712.0	0.5251
1713.0	0.5225
1714.0	0.52
1715.0	0.5175
1716.0	0.5151
1717.0	0.5126
1718.0	0.5102
1719.0	0.5078
1720.0	0.5055
1721.0	0.5032
1722.0	0.501
1723.0	0.4987
1724.0	0.4966
1725.0	0.4946
1726.0	0.4927
1727.0	0.491
1728.0	0.4892
1729.0	0.4876
1730.0	0.486
1731.0	0.4845
1732.0	0.4829
1733.0	0.4814
1734.0	0.4798
1735.0	0.4783
1736.0	0.4766
1737.0	0.475
1738.0	0.4734
1739.0	0.4716
1740.0	0.4697
1741.0	0.4679
1742.0	0.466
1743.0	0.464
1744.0	0.4619
1745.0	0.4597
1746.0	0.4575
1747.0	0.4552
1748.0	0.453
1749.0	0.4506
1750.0	0.4483
1751.0	0.446
1752.0	0.4437
1753.0	0.4414
1754.0	0.4392
1755.0	0.4369
1756.0	0.4347
1757.0	0.4324
1758.0	0.4302
1759.0	0.428
1760.0	0.4258
1761.0	0.4237
1762.0	0.4217
1763.0	0.4197
1764.0	0.4178
1765.0	0.4159
1766.0	0.4139
1767.0	0.412
1768.0	0.4101
1769.0	0.4083
1770.0	0.4065
1771.0	0.4047
1772.0	0.4029
1773.0	0.4011
1774.0	0.3993
1775.0	0.3975
1776.0	0.3957
1777.0	0.3939
1778.0	0.3922
1779.0	0.3904
1780.0	0.3885
1781.0	0.3867
1782.0	0.3848
1783.0	0.383
1784.0	0.3812
1785.0	0.3794
1786.0	0.3776
1787.0	0.3758
1788.0	0.374
1789.0	0.3722
1790.0	0.3703
1791.0	0.3684
1792.0	0.3666
1793.0	0.3647
1794.0	0.3628
1795.0	0.3609
1796.0	0.3589
1797.0	0.3571
1798.0	0.355
1799.0	0.3529
1800.0	0.3509
1801.0	0.3489
1802.0	0.3468
1803.0	0.3449
1804.0	0.3428
1805.0	0.3407
1806.0	0.3385
1807.0	0.3362
1808.0	0.3339
1809.0	0.3316
1810.0	0.3291
1811.0	0.3266
1812.0	0.3241
1813.0	0.3215
1814.0	0.3189
1815.0	0.3163
1816.0	0.3135
1817.0	0.3108
1818.0	0.3079
1819.0	0.305
1820.0	0.302
1821.0	0.2988
1822.0	0.2955
1823.0	0.2921
1824.0	0.2885
1825.0	0.2849
1826.0	0.2811
1827.0	0.277
1828.0	0.2727
1829.0	0.268
1830.0	0.2631
1831.0	0.6373
1832.0	0.6391
1833.0	0.6406
1834.0	0.6421
1835.0	0.6436
1836.0	0.645
1837.0	0.6462
1838.0	0.6473
1839.0	0.6486
1840.0	0.6497
1841.0	0.6505
1842.0	0.6515
1843.0	0.652
1844.0	0.6521
1845.0	0.652
1846.0	0.6518
1847.0	0.6512
1848.0	0.6504
1849.0	0.6489
1850.0	0.6467
1851.0	0.644
1852.0	0.641
1853.0	0.6379
1854.0	0.634
1855.0	0.6296
1856.0	0.6247
1857.0	0.6192
1858.0	0.613
1859.0	0.6063
1860.0	0.5989
1861.0	0.5906
1862.0	0.5814
1863.0	0.5715
1864.0	0.5609
1865.0	0.5497
1866.0	0.5378
1867.0	0.5251
1868.0	0.5119
1869.0	0.4981
1870.0	0.4839
1871.0	0.4695
1872.0	0.4549
1873.0	0.44
1874.0	0.425
1875.0	0.4095
1876.0	0.3938
1877.0	0.3779
1878.0	0.3619
1879.0	0.3456
1880.0	0.3295
1881.0	0.3133
1882.0	0.297
1883.0	0.281
1884.0	0.265
1885.0	0.2491
1886.0	0.2341
1887.0	0.2196
1888.0	0.2054
1889.0	0.192
1890.0	0.1794
1891.0	0.1674
1892.0	0.1566
1893.0	0.1464
1894.0	0.1371
1895.0	0.1285
1896.0	0.1206
1897.0	0.1134
1898.0	0.1071
1899.0	0.1014
1900.0	0.0965
1901.0	0.0922
1902.0	0.0882
1903.0	0.0848
1904.0	0.0816
1905.0	0.0789
1906.0	0.0767
1907.0	0.0749
1908.0	0.0732
1909.0	0.0719
1910.0	0.0707
1911.0	0.0695
1912.0	0.0684
1913.0	0.0676
1914.0	0.0668
1915.0	0.0663
1916.0	0.0659
1917.0	0.0656
1918.0	0.0652
1919.0	0.0651
1920.0	0.0653
1921.0	0.0653
1922.0	0.0655
1923.0	0.0659
1924.0	0.0661
1925.0	0.0662
1926.0	0.0664
1927.0	0.0666
1928.0	0.067
1929.0	0.0672
1930.0	0.0675
1931.0	0.0679
1932.0	0.0683
1933.0	0.0686
1934.0	0.0694
1935.0	0.07
1936.0	0.0707
1937.0	0.0715
1938.0	0.0723
1939.0	0.0732
1940.0	0.074
1941.0	0.0749
1942.0	0.0759
1943.0	0.0768
1944.0	0.0777
1945.0	0.0787
1946.0	0.0798
1947.0	0.0807
1948.0	0.0819
1949.0	0.0829
1950.0	0.0838
1951.0	0.0849
1952.0	0.0861
1953.0	0.0874
1954.0	0.0888
1955.0	0.0902
1956.0	0.0917
1957.0	0.0931
1958.0	0.0946
1959.0	0.0962
1960.0	0.0978
1961.0	0.0993
1962.0	0.1008
1963.0	0.1023
1964.0	0.1038
1965.0	0.1054
1966.0	0.107
1967.0	0.1086
1968.0	0.1101
1969.0	0.1118
1970.0	0.1135
1971.0	0.1153
1972.0	0.1174
1973.0	0.1194
1974.0	0.1212
1975.0	0.1232
1976.0	0.1251
1977.0	0.1269
1978.0	0.1289
1979.0	0.1308
1980.0	0.1327
1981.0	0.1345
1982.0	0.1366
1983.0	0.1388
1984.0	0.1411
1985.0	0.1436
1986.0	0.1462
1987.0	0.1484
1988.0	0.1505
1989.0	0.1527
1990.0	0.1548
1991.0	0.1569
1992.0	0.1592
1993.0	0.1613
1994.0	0.1634
1995.0	0.1655
1996.0	0.1677
1997.0	0.1699
1998.0	0.1723
1999.0	0.1747
2000.0	0.1769
2001.0	0.1792
2002.0	0.1813
2003.0	0.1833
2004.0	0.1855
2005.0	0.1877
2006.0	0.1898
2007.0	0.192
2008.0	0.1941
2009.0	0.1961
2010.0	0.198
2011.0	0.1999
2012.0	0.2017
2013.0	0.2033
2014.0	0.2048
2015.0	0.2065
2016.0	0.2081
2017.0	0.21
2018.0	0.2119
2019.0	0.2136
2020.0	0.2152
2021.0	0.2167
2022.0	0.218
2023.0	0.2193
2024.0	0.2204
2025.0	0.2216
2026.0	0.2228
2027.0	0.2239
2028.0	0.2251
2029.0	0.2263
2030.0	0.2274
2031.0	0.2285
2032.0	0.2294
2033.0	0.2302
2034.0	0.2311
2035.0	0.2318
2036.0	0.2325
2037.0	0.2334
2038.0	0.2342
2039.0	0.235
2040.0	0.2356
2041.0	0.2359
2042.0	0.2363
2043.0	0.2366
2044.0	0.237
2045.0	0.2376
2046.0	0.2381
2047.0	0.2389
2048.0	0.2395
2049.0	0.24
2050.0	0.2406
2051.0	0.2411
2052.0	0.2415
2053.0	0.242
2054.0	0.2425
2055.0	0.2431
2056.0	0.2437
2057.0	0.2442
2058.0	0.2448
2059.0	0.2455
2060.0	0.246
2061.0	0.2465
2062.0	0.2471
2063.0	0.2476
2064.0	0.2482
2065.0	0.2488
2066.0	0.2495
2067.0	0.2502
2068.0	0.2509
2069.0	0.2516
2070.0	0.2523
2071.0	0.2532
2072.0	0.2537
2073.0	0.2541
2074.0	0.2548
2075.0	0.2552
2076.0	0.2558
2077.0	0.2563
2078.0	0.2569
2079.0	0.2575
2080.0	0.2581
2081.0	0.2587
2082.0	0.2594
2083.0	0.26
2084.0	0.2606
2085.0	0.2612
2086.0	0.2617
2087.0	0.2622
2088.0	0.2627
2089.0	0.2631
2090.0	0.2635
2091.0	0.264
2092.0	0.2645
2093.0	0.2649
2094.0	0.2654
2095.0	0.266
2096.0	0.2665
2097.0	0.2669
2098.0	0.2675
2099.0	0.268
2100.0	0.2686
2101.0	0.2691
2102.0	0.2697
2103.0	0.2703
2104.0	0.2709
2105.0	0.2714
2106.0	0.272
2107.0	0.2727
2108.0	0.2732
2109.0	0.2737
2110.0	0.2741
2111.0	0.2744
2112.0	0.2745
2113.0	0.2749
2114.0	0.2753
2115.0	0.2758
2116.0	0.2765
2117.0	0.2771
2118.0	0.2778
2119.0	0.2783
2120.0	0.2788
2121.0	0.2792
2122.0	0.2797
2123.0	0.2801
2124.0	0.2806
2125.0	0.2808
2126.0	0.2811
2127.0	0.2815
2128.0	0.2819
2129.0	0.2823
2130.0	0.2826
2131.0	0.2828
2132.0	0.2829
2133.0	0.2832
2134.0	0.2834
2135.0	0.2836
2136.0	0.284
2137.0	0.2845
2138.0	0.2848
2139.0	0.2852
2140.0	0.2855
2141.0	0.2855
2142.0	0.2857
2143.0	0.2859
2144.0	0.2861
2145.0	0.2863
2146.0	0.2866
2147.0	0.2868
2148.0	0.2872
2149.0	0.2875
2150.0	0.2877
2151.0	0.2881
2152.0	0.2883
2153.0	0.2886
2154.0	0.289
2155.0	0.2892
2156.0	0.2894
2157.0	0.2897
2158.0	0.2897
2159.0	0.29
2160.0	0.2905
2161.0	0.2908
2162.0	0.2913
2163.0	0.2915
2164.0	0.2913
2165.0	0.2915
2166.0	0.2917
2167.0	0.292
2168.0	0.2927
2169.0	0.2931
2170.0	0.2932
2171.0	0.2935
2172.0	0.2936
2173.0	0.2937
2174.0	0.2939
2175.0	0.294
2176.0	0.294
2177.0	0.2941
2178.0	0.2941
2179.0	0.2941
2180.0	0.294
2181.0	0.2938
2182.0	0.2938
2183.0	0.2939
2184.0	0.294
2185.0	0.2944
2186.0	0.2944
2187.0	0.2943
2188.0	0.2942
2189.0	0.2942
2190.0	0.2939
2191.0	0.2938
2192.0	0.2937
2193.0	0.2933
2194.0	0.293
2195.0	0.2928
2196.0	0.2926
2197.0	0.2926
2198.0	0.2923
2199.0	0.2919
2200.0	0.2916
2201.0	0.2911
2202.0	0.2908
2203.0	0.2905
2204.0	0.2903
2205.0	0.2899
2206.0	0.2893
2207.0	0.2888
2208.0	0.2882
2209.0	0.2877
2210.0	0.2869
2211.0	0.2864
2212.0	0.2858
2213.0	0.2852
2214.0	0.2847
2215.0	0.284
2216.0	0.2832
2217.0	0.2823
2218.0	0.2813
2219.0	0.2801
2220.0	0.279
2221.0	0.2779
2222.0	0.2767
2223.0	0.2756
2224.0	0.2743
2225.0	0.2729
2226.0	0.2714
2227.0	0.2697
2228.0	0.2682
2229.0	0.2665
2230.0	0.2646
2231.0	0.2627
2232.0	0.2606
2233.0	0.2581
2234.0	0.2558
2235.0	0.2535
2236.0	0.2511
2237.0	0.2487
2238.0	0.2463
2239.0	0.2437
2240.0	0.2411
2241.0	0.2386
2242.0	0.2359
2243.0	0.2331
2244.0	0.2305
2245.0	0.2277
2246.0	0.2249
2247.0	0.2222
2248.0	0.2193
2249.0	0.2164
2250.0	0.2135
2251.0	0.2105
2252.0	0.2076
2253.0	0.2046
2254.0	0.2016
2255.0	0.199
2256.0	0.1963
2257.0	0.194
2258.0	0.1917
2259.0	0.1893
2260.0	0.1868
2261.0	0.1844
2262.0	0.182
2263.0	0.1797
2264.0	0.1774
2265.0	0.1751
2266.0	0.173
2267.0	0.1709
2268.0	0.169
2269.0	0.1671
2270.0	0.1654
2271.0	0.1637
2272.0	0.1622
2273.0	0.1605
2274.0	0.1588
2275.0	0.1572
2276.0	0.1555
2277.0	0.1541
2278.0	0.1529
2279.0	0.1517
2280.0	0.1507
2281.0	0.1496
2282.0	0.148
2283.0	0.1466
2284.0	0.1452
2285.0	0.1437
2286.0	0.1423
2287.0	0.141
2288.0	0.1395
2289.0	0.138
2290.0	0.1366
2291.0	0.1353
2292.0	0.1342
2293.0	0.1328
2294.0	0.1314
2295.0	0.1302
2296.0	0.1288
2297.0	0.1275
2298.0	0.1263
2299.0	0.1249
2300.0	0.1233
2301.0	0.1217
2302.0	0.1202
2303.0	0.1187
2304.0	0.1174
2305.0	0.1162
2306.0	0.1151
2307.0	0.114
2308.0	0.113
2309.0	0.1119
2310.0	0.111
2311.0	0.1101
2312.0	0.1093
2313.0	0.1085
2314.0	0.1079
2315.0	0.1072
2316.0	0.1063
2317.0	0.1053
2318.0	0.1043
2319.0	0.1033
2320.0	0.1024
2321.0	0.1018
2322.0	0.1009
2323.0	0.0997
2324.0	0.0988
2325.0	0.0979
2326.0	0.097
2327.0	0.0964
2328.0	0.0955
2329.0	0.0943
2330.0	0.093
2331.0	0.0917
2332.0	0.0905
2333.0	0.0894
2334.0	0.0885
2335.0	0.0875
2336.0	0.0866
2337.0	0.0856
2338.0	0.0847
2339.0	0.0838
2340.0	0.083
2341.0	0.0819
2342.0	0.0809
2343.0	0.0799
2344.0	0.0789
2345.0	0.078
2346.0	0.077
2347.0	0.0762
2348.0	0.0755
2349.0	0.0748
2350.0	0.0741
2351.0	0.0735
2352.0	0.0726
2353.0	0.0718
2354.0	0.0711
2355.0	0.0703
2356.0	0.0697
2357.0	0.0692
2358.0	0.0686
2359.0	0.068
2360.0	0.0671
2361.0	0.0663
2362.0	0.0654
2363.0	0.0645
2364.0	0.0638
2365.0	0.0629
2366.0	0.0622
2367.0	0.0617
2368.0	0.0609
2369.0	0.0603
2370.0	0.0596
2371.0	0.0587
2372.0	0.0578
2373.0	0.057
2374.0	0.0564
2375.0	0.0557
2376.0	0.055
2377.0	0.0542
2378.0	0.0533
2379.0	0.0525
2380.0	0.0517
2381.0	0.0511
2382.0	0.0504
2383.0	0.0497
2384.0	0.0491
2385.0	0.0486
2386.0	0.048
2387.0	0.0473
2388.0	0.0467
2389.0	0.0459
2390.0	0.0452
2391.0	0.0446
2392.0	0.044
2393.0	0.0435
2394.0	0.0429
2395.0	0.042
2396.0	0.0413
2397.0	0.0404
2398.0	0.0395
2399.0	0.039
2400.0	0.0385
2401.0	0.0379
2402.0	0.0373
2403.0	0.0368
2404.0	0.0363
2405.0	0.0357
2406.0	0.0352
2407.0	0.0346
2408.0	0.0337
2409.0	0.0329
2410.0	0.0324
2411.0	0.0321
2412.0	0.0318
2413.0	0.0315
2414.0	0.0311
2415.0	0.0304
2416.0	0.0297
2417.0	0.0292
2418.0	0.0286
2419.0	0.0279
2420.0	0.0273
2421.0	0.0267
2422.0	0.0262
2423.0	0.0258
2424.0	0.0257
2425.0	0.0255
2426.0	0.025
2427.0	0.0246
2428.0	0.024
2429.0	0.0233
2430.0	0.0228
2431.0	0.0224
2432.0	0.0219
2433.0	0.0214
2434.0	0.021
2435.0	0.0204
2436.0	0.0199
2437.0	0.0195
2438.0	0.0191
2439.0	0.0187
2440.0	0.0185
2441.0	0.0182
2442.0	0.018
2443.0	0.0177
2444.0	0.0175
2445.0	0.0172
2446.0	0.0168
2447.0	0.0165
2448.0	0.0161
2449.0	0.0156
2450.0	0.0155
2451.0	0.0152
2452.0	0.0148
2453.0	0.0143
2454.0	0.0139
2455.0	0.0135
2456.0	0.0133
2457.0	0.0133
2458.0	0.0131
2459.0	0.013
2460.0	0.0128
2461.0	0.0124
2462.0	0.012
2463.0	0.0117
2464.0	0.0115
2465.0	0.0113
2466.0	0.0113
2467.0	0.0112
2468.0	0.0111
2469.0	0.011
2470.0	0.0108
2471.0	0.0106
2472.0	0.0103
2473.0	0.0101
2474.0	0.0099
2475.0	0.0096
2476.0	0.0093
2477.0	0.0091
2478.0	0.009
2479.0	0.0089
2480.0	0.0088
2481.0	0.0087
2482.0	0.0084
2483.0	0.0082
2484.0	0.0078
2485.0	0.0075
2486.0	0.0073
2487.0	0.007
2488.0	0.0067
2489.0	0.0066
2490.0	0.0067
2491.0	0.0067
2492.0	0.0065
2493.0	0.0065
2494.0	0.0063
2495.0	0.0062
2496.0	0.0063
2497.0	0.0062
2498.0	0.0061
2499.0	0.006
2500.0	0.0057
